60 0.0019
54 0.0014
56 0.0007
24 0.0006
8 0.0006
34 0.0006
21 0.0007
12 0.0006
83 0.0007
22 0.0006
27 0.0006
53 0.0006
19 0.0006
32 0.0007
74 0.0006
87 0.0006
87 0.0006
168 0.0009
72 0.0006
77 0.0006
9 0.0006
102 0.0006
48 0.0013
69 0.0014
101 0.0012
74 0.001
33 0.0011
74 0.001
40 0.0013
84 0.0011
58 0.0006
34 0.0007
22 0.0009
72 0.001
32 0.0011
34 0.001
30 0.0022
42 0.0024
52 0.0019
18 0.0027
72 0.0005
44 0.0006
42 0.0008
84 0.0008
70 0.0007
39 0.0008
83 0.0005
52 0.0005
20 0.0005
86 0.0008
37 0.0011
144 0.0013
86 0.0014
124 0.0015
63 0.0014
26 0.0013
55 0.0013
114 0.0015
67 0.001
34 0.0008
110 0.001
73 0.0009
62 0.0008
74 0.0008
52 0.0009
53 0.0008
53 0.0011
76 0.0008
36 0.0013
58 0.0006
36 0.0003
41 0.0005
87 0.0004
57 0.0004
14 0.0005
69 0.0005
77 0.0004
95 0.0011
83 0.0014
82 0.0013
64 0.0008
42 0.0008
28 0.0006
84 0.0008
25 0.0008
86 0.0005
108 0.0005
66 0.0009
52 0.0006
95 0.0012
49 0.0007
109 0.0005
109 0.0005
38 0.0006
112 0.0005
50 0.0023
49 0.0009
103 0.0011
23 0.0008
54 0.0008
26 0.0011
55 0.0006
61 0.0005
30 0.0004
25 0.0004
74 0.0004
28 0.0005
26 0.0004
77 0.0004
74 0.0004
35 0.0008
18 0.0014
9 0.0011
20 0.0009
16 0.0011
52 0.0007
148 0.0006
82 0.0007
45 0.0006
78 0.001
69 0.0011
83 0.001
66 0.0011
20 0.001
61 0.0008
47 0.001
70 0.0007
32 0.0006
62 0.0005
84 0.0006
93 0.0006
84 0.0014
44 0.0009
52 0.0013
89 0.001
103 0.0011
31 0.0011
58 0.0009
27 0.0008
65 0.0009
23 0.0008
32 0.0008
48 0.0009
34 0.0005
44 0.0004
53 0.0005
24 0.0005
86 0.0003
64 0.0004
77 0.0009
32 0.0005
68 0.0004
76 0.0011
37 0.0009
93 0.0004
18 0.0008
70 0.0004
129 0.0005
39 0.0004
99 0.0004
48 0.0003
18 0.0003
53 0.0003
35 0.0003
46 0.0003
123 0.0002
56 0.0002
55 0.0004
27 0.0005
34 0.0004
70 0.0008
99 0.0005
34 0.0003
37 0.0003
29 0.0003
38 0.0003
37 0.0004
62 0.0006
5 0.0004
58 0.0003
85 0.0003
47 0.0004
87 0.0005
125 0.0006
31 0.0005
114 0.0004
56 0.0003
23 0.0003
106 0.0003
34 0.0004
68 0.0003
12 0.0002
57 0.0002
26 0.0002
43 0.0002
50 0.0002
102 0.0002
67 0.0005
66 0.0003
32 0.0003
70 0.0004
48 0.0003
85 0.0003
35 0.0003
34 0.0003
10 0.0003
98 0.0006
75 0.0003
67 0.0003
55 0.0004
49 0.0003
28 0.0003
87 0.0002
58 0.0003
31 0.0003
80 0.0141
95 0.0003
53 0.0005
109 0.0004
46 0.0003
99 0.0003
109 0.0003
58 0.0003
53 0.0003
54 0.0007
38 0.0004
69 0.0004
36 0.0006
96 0.0004
20 0.0003
58 0.0003
126 0.0004
31 0.0003
35 0.0003
48 0.0004
72 0.0004
78 0.0003
11 0.0003
30 0.0003
51 0.0003
85 0.0006
69 0.0004
11 0.0004
19 0.0004
14 0.0004
78 0.0003
33 0.0003
27 0.0003
93 0.0003
21 0.0003
131 0.0003
77 0.0004
58 0.0007
102 0.0003
62 0.0004
50 0.0004
34 0.0003
34 0.0003
23 0.0003
33 0.0004
51 0.0004
19 0.0003
73 0.0007
56 0.0003
78 0.0004
50 0.0004
26 0.0004
65 0.0003
121 0.0004
56 0.0003
152 0.0003
80 0.0003
50 0.0006
32 0.0003
31 0.0006
61 0.0005
43 0.0007
59 0.0006
115 0.0004
67 0.0004
20 0.0003
53 0.0003
31 0.0003
41 0.0003
57 0.0004
84 0.0004
54 0.0006
83 0.0009
90 0.0009
23 0.0008
94 0.001
36 0.0006
57 0.0005
33 0.0003
87 0.0004
39 0.0006
26 0.0009
24 0.0005
93 0.0004
90 0.0004
50 0.0007
83 0.0007
58 0.0005
25 0.0004
63 0.0004
75 0.0008
35 0.0005
111 0.0004
96 0.0004
92 0.0004
42 0.0005
19 0.0007
29 0.0005
26 0.0005
13 0.0006
13 0.0008
79 0.0007
94 0.0003
114 0.0004
42 0.0004
141 0.0004
47 0.0004
22 0.0004
7 0.0008
54 0.001
107 0.0009
60 0.0011
59 0.0009
65 0.0005
108 0.0005
40 0.0004
67 0.0003
82 0.0006
38 0.0004
37 0.0004
36 0.0009
51 0.0005
17 0.0004
128 0.0004
38 0.0004
46 0.0004
32 0.0008
72 0.0008
101 0.0004
40 0.0006
32 0.0007
52 0.0007
15 0.0005
41 0.0008
98 0.0004
82 0.0004
54 0.0004
43 0.0004
48 0.0004
51 0.0004
41 0.0004
64 0.0005
44 0.0004
33 0.0003
41 0.0008
66 0.0005
114 0.0005
23 0.0007
64 0.0007
31 0.0005
18 0.0004
93 0.0004
41 0.0003
70 0.0004
125 0.0004
77 0.0005
25 0.0009
73 0.0005
87 0.0008
67 0.0004
53 0.0004
125 0.0003
73 0.0004
34 0.0004
78 0.0008
55 0.0005
80 0.0005
45 0.0007
57 0.0007
67 0.0006
77 0.0003
40 0.0004
6 0.0004
75 0.0003
109 0.0008
39 0.0005
48 0.0004
41 0.0004
73 0.0004
25 0.0008
36 0.0005
79 0.0005
34 0.0008
22 0.0005
31 0.0004
5 0.0004
42 0.0004
60 0.0004
11 0.0006
111 0.0004
41 0.0008
62 0.0005
47 0.0004
35 0.0004
24 0.0004
20 0.0003
30 0.0005
17 0.0003
78 0.0004
85 0.0009
79 0.0005
70 0.0004
21 0.0004
134 0.0004
38 0.0004
64 0.0004
35 0.0004
36 0.0004
37 0.0003
48 0.0003
59 0.0004
106 0.0008
73 0.0006
76 0.0005
77 0.0004
83 0.0004
31 0.0005
36 0.0004
118 0.0004
22 0.0008
102 0.0004
66 0.0004
4 0.0004
39 0.0004
68 0.0004
76 0.0007
71 0.0007
61 0.0007
95 0.0004
46 0.0004
25 0.0008
44 0.0004
25 0.0005
70 0.0004
33 0.0003
14 0.0008
18 0.0005
37 0.0005
51 0.0004
57 0.0004
17 0.0003
90 0.0003
71 0.0005
31 0.0005
50 0.0003
60 0.0004
80 0.0004
87 0.0004
29 0.0003
23 0.0004
63 0.0008
25 0.0006
35 0.0005
30 0.0004
10 0.0004
88 0.0004
143 0.0004
28 0.0004
58 0.0005
137 0.0005
67 0.0005
69 0.0003
72 0.0005
16 0.0004
65 0.0003
8 0.0003
18 0.0004
99 0.0003
65 0.0005
57 0.0004
49 0.0008
79 0.0005
79 0.0005
99 0.0012
28 0.0012
74 0.0008
55 0.0007
28 0.0006
106 0.0007
49 0.0008
28 0.0004
41 0.0005
27 0.0004
58 0.0005
25 0.0005
11 0.0012
51 0.0008
84 0.0005
27 0.0005
17 0.0007
98 0.0008
65 0.0005
95 0.0004
91 0.0004
23 0.0004
16 0.0003
111 0.0004
120 0.0009
64 0.0008
21 0.0005
3 0.0005
71 0.0004
72 0.0004
64 0.0003
62 0.0004
27 0.0004
54 0.0008
44 0.0005
65 0.0004
40 0.0004
95 0.0004
32 0.0004
95 0.0004
21 0.0004
22 0.0004
72 0.0008
32 0.0005
25 0.0006
29 0.0008
47 0.0007
46 0.0009
89 0.0012
50 0.0006
61 0.0015
117 0.0008
61 0.0007
18 0.0006
54 0.0008
7 0.0004
33 0.001
37 0.0006
57 0.0006
44 0.0003
53 0.0004
39 0.0005
57 0.0005
16 0.0011
53 0.0006
23 0.0004
68 0.0004
74 0.0004
88 0.0004
41 0.0005
81 0.0004
62 0.0007
42 0.0005
34 0.0003
23 0.0004
72 0.0004
44 0.0005
17 0.0004
51 0.0004
118 0.0008
26 0.0005
155 0.0012
83 0.0006
45 0.0008
53 0.0003
20 0.0004
58 0.0004
47 0.0008
99 0.0005
48 0.0004
67 0.0004
118 0.0005
36 0.0003
36 0.0004
41 0.0005
10 0.0008
67 0.0005
56 0.0004
55 0.0004
50 0.0004
117 0.0004
39 0.0004
65 0.0005
41 0.001
72 0.001
65 0.0008
42 0.001
50 0.0005
47 0.0008
39 0.0007
61 0.0007
38 0.0007
46 0.0004
56 0.0004
32 0.0005
54 0.0008
114 0.0005
39 0.0005
25 0.0008
57 0.0006
40 0.0006
83 0.0008
64 0.0008
18 0.0007
38 0.0006
47 0.0005
83 0.0004
48 0.0008
42 0.0007
52 0.0009
80 0.0008
69 0.0005
31 0.0005
20 0.0004
13 0.0004
37 0.0004
20 0.0003
65 0.0003
16 0.0004
36 0.0004
50 0.0004
35 0.0004
11 0.0008
55 0.0004
41 0.0005
65 0.0005
43 0.0004
42 0.0005
46 0.0004
121 0.0005
78 0.0004
24 0.0014
24 0.0014
57 0.0012
12 0.0011
57 0.0009
71 0.0005
58 0.0009
54 0.0007
33 0.0007
60 0.0005
53 0.0008
82 0.0008
21 0.0009
89 0.0004
32 0.0004
67 0.0004
70 0.0004
48 0.0004
4 0.0008
27 0.0005
22 0.0004
36 0.0004
54 0.0004
18 0.0004
64 0.0004
54 0.0003
54 0.0009
20 0.0004
38 0.0004
43 0.0004
109 0.0004
80 0.0008
41 0.0006
19 0.0006
38 0.0007
95 0.0009
11 0.0005
55 0.0003
97 0.0004
57 0.0003
77 0.0004
57 0.0008
51 0.0004
97 0.0005
74 0.0004
123 0.0004
85 0.0004
41 0.0003
48 0.0003
62 0.0011
37 0.0005
114 0.0004
65 0.0005
68 0.0004
43 0.0005
67 0.0012
80 0.0006
55 0.0004
8 0.0004
99 0.0004
25 0.0005
82 0.0011
116 0.0006
26 0.0004
72 0.0009
88 0.0009
66 0.001
78 0.0009
76 0.0005
20 0.0008
145 0.0007
57 0.001
57 0.0005
21 0.0004
44 0.0003
50 0.0004
40 0.0004
70 0.0004
15 0.0004
26 0.0004
34 0.0011
29 0.0006
135 0.0005
41 0.0004
98 0.0003
38 0.0003
77 0.0005
49 0.0012
51 0.0006
41 0.0005
41 0.0004
16 0.0005
109 0.0004
122 0.0004
44 0.0003
18 0.0006
78 0.0005
69 0.0004
65 0.0003
56 0.0004
84 0.0004
52 0.0004
30 0.0004
15 0.0008
80 0.0005
135 0.0011
46 0.0006
107 0.0004
73 0.0004
85 0.0004
30 0.0004
24 0.0004
13 0.0004
26 0.0003
109 0.0006
66 0.0003
52 0.0005
34 0.0011
28 0.0007
136 0.0005
56 0.0003
85 0.0012
57 0.0006
28 0.0011
49 0.0006
121 0.0004
62 0.0003
6 0.0004
97 0.0011
29 0.0005
79 0.0004
80 0.0004
63 0.0004
34 0.0005
19 0.0011
35 0.0005
106 0.0004
69 0.0004
37 0.0003
8 0.0004
93 0.0012
55 0.0005
54 0.0004
66 0.0003
27 0.0004
35 0.0003
9 0.0003
32 0.0004
20 0.0004
53 0.0003
59 0.0011
78 0.0006
67 0.0004
51 0.0005
76 0.0004
78 0.0004
48 0.0004
20 0.0003
17 0.0003
90 0.001
82 0.0009
35 0.001
36 0.0007
133 0.0008
39 0.0008
6 0.0005
60 0.0004
49 0.0004
56 0.0007
58 0.0005
131 0.0004
66 0.001
47 0.0011
28 0.0005
108 0.0004
108 0.0008
9 0.0013
56 0.0011
74 0.0012
41 0.0012
16 0.0011
33 0.0011
19 0.001
96 0.0012
77 0.0011
97 0.0011
87 0.0013
75 0.0008
75 0.0009
97 0.0006
60 0.0014
33 0.0009
66 0.0011
86 0.0012
104 0.0012
62 0.0011
69 0.0008
57 0.0008
48 0.0006
94 0.0005
44 0.0004
10 0.0004
95 0.0004
27 0.0008
40 0.0009
25 0.0005
60 0.0004
40 0.0004
40 0.0005
5 0.0004
79 0.0012
87 0.0011
69 0.0007
11 0.0007
19 0.0006
47 0.001
54 0.0011
19 0.0011
53 0.0008
81 0.0005
54 0.0004
62 0.0005
108 0.0011
22 0.0014
43 0.0011
12 0.0011
18 0.0008
66 0.0008
27 0.0006
72 0.0005
81 0.0004
50 0.0004
73 0.0007
20 0.0008
83 0.0007
69 0.0003
74 0.0004
64 0.0004
44 0.0008
83 0.0007
37 0.001
85 0.0004
24 0.0005
48 0.0004
34 0.0004
36 0.0004
38 0.0007
21 0.0006
86 0.0007
15 0.0005
72 0.0003
8 0.0005
21 0.0009
21 0.0011
80 0.0011
102 0.0004
106 0.0004
33 0.0008
88 0.0005
46 0.0007
60 0.0007
71 0.0006
58 0.0003
87 0.0004
22 0.0004
33 0.0007
62 0.0008
74 0.0005
68 0.0004
18 0.0005
61 0.0004
27 0.0011
72 0.0006
75 0.0008
28 0.0005
116 0.0004
65 0.0004
83 0.0004
108 0.0011
124 0.0005
93 0.0004
62 0.0004
43 0.0004
44 0.0004
47 0.0004
77 0.0011
46 0.0005
78 0.0004
83 0.0004
104 0.0004
58 0.0005
10 0.0012
91 0.0006
32 0.0004
52 0.0004
87 0.0004
12 0.0004
33 0.0013
47 0.0005
60 0.0004
81 0.0004
60 0.0003
63 0.0004
24 0.0008
13 0.0007
66 0.0008
70 0.0004
73 0.0004
41 0.0005
33 0.0004
41 0.001
29 0.0007
55 0.0009
29 0.0008
32 0.0009
136 0.0004
37 0.0004
90 0.0004
65 0.0007
50 0.0008
71 0.0004
52 0.0004
38 0.0004
63 0.0005
146 0.0005
66 0.0005
17 0.0006
31 0.0006
34 0.0005
93 0.0003
83 0.0004
76 0.0004
61 0.0012
55 0.0007
33 0.0005
33 0.0004
67 0.0004
44 0.0011
70 0.0005
73 0.0004
42 0.0003
78 0.0004
26 0.0004
29 0.0004
13 0.0005
78 0.0004
58 0.001
16 0.0005
34 0.0004
59 0.0004
24 0.0004
58 0.0003
37 0.0004
129 0.0012
26 0.0008
71 0.0004
11 0.0004
64 0.0004
84 0.0004
53 0.0004
69 0.0007
36 0.0005
50 0.0004
47 0.0003
107 0.0004
24 0.0003
60 0.0004
56 0.0004
70 0.001
73 0.0006
19 0.0004
62 0.0004
88 0.0004
49 0.0004
75 0.0008
21 0.001
86 0.0006
45 0.0004
42 0.0004
65 0.0004
15 0.0004
76 0.0003
91 0.0004
98 0.0003
104 0.0003
130 0.0004
93 0.001
95 0.0006
82 0.0006
45 0.0004
95 0.0003
70 0.0004
106 0.0008
163 0.0005
26 0.0004
62 0.0004
74 0.0004
43 0.0004
30 0.0004
52 0.0003
115 0.0004
44 0.0003
18 0.0004
20 0.0004
39 0.0003
8 0.0004
12 0.0003
36 0.0003
15 0.0004
2 0.0004
67 0.0008
39 0.0007
20 0.0005
45 0.0003
63 0.0004
6 0.0004
105 0.0004
89 0.0003
71 0.0004
66 0.0004
61 0.0005
2 0.0008
50 0.0008
40 0.0005
24 0.0004
75 0.0003
64 0.0004
26 0.0004
94 0.0005
40 0.0004
41 0.0004
61 0.0004
6 0.001
36 0.0005
37 0.0004
61 0.0003
54 0.0004
34 0.0004
52 0.001
110 0.0012
47 0.0005
19 0.0004
93 0.0003
127 0.0003
65 0.0005
82 0.0003
118 0.0004
28 0.0011
38 0.0005
50 0.0011
87 0.0005
28 0.0012
31 0.0006
73 0.0004
35 0.0004
35 0.0004
49 0.0004
94 0.0005
66 0.0004
72 0.0011
74 0.0007
55 0.0003
24 0.0004
28 0.0005
71 0.001
73 0.0005
19 0.0003
95 0.0003
29 0.0004
84 0.0004
43 0.0006
28 0.0008
77 0.0013
60 0.0008
43 0.0007
45 0.0012
18 0.0007
37 0.0011
60 0.0012
87 0.0012
89 0.0007
67 0.0007
21 0.0005
57 0.0006
78 0.0011
81 0.0035
71 0.0009
31 0.0009
11 0.0011
35 0.0009
20 0.0011
94 0.0004
67 0.0003
56 0.0003
32 0.0008
63 0.0005
45 0.0004
88 0.0004
31 0.0004
38 0.0004
46 0.0006
93 0.0008
2 0.0006
43 0.0012
12 0.0006
39 0.0007
10 0.0007
96 0.0005
113 0.0004
19 0.0004
76 0.0008
45 0.0005
46 0.0008
51 0.0005
34 0.0004
78 0.0005
102 0.0004
89 0.0004
80 0.0004
55 0.0004
60 0.0004
122 0.0008
57 0.0005
22 0.0004
70 0.0004
69 0.0007
73 0.0012
35 0.0009
74 0.0005
101 0.0006
78 0.0007
15 0.0005
48 0.0004
28 0.0003
53 0.0004
131 0.0004
35 0.0004
120 0.0003
59 0.0004
53 0.0067
44 0.0004
32 0.0008
48 0.0006
81 0.0004
38 0.0004
73 0.0004
36 0.0004
42 0.0011
35 0.0005
40 0.0003
51 0.0004
25 0.0004
46 0.0004
91 0.0003
46 0.0004
89 0.0004
63 0.0008
54 0.0005
6 0.0005
24 0.0008
73 0.0005
43 0.0004
53 0.0004
70 0.0004
44 0.0008
31 0.0005
37 0.0004
100 0.0004
49 0.0011
39 0.001
49 0.0013
55 0.0008
109 0.0005
34 0.0003
94 0.0003
78 0.0004
124 0.0008
33 0.0004
56 0.0004
45 0.0004
34 0.0003
103 0.0004
14 0.0008
96 0.0003
26 0.0003
99 0.0004
86 0.0003
32 0.0008
26 0.0004
28 0.0004
47 0.0004
8 0.0004
76 0.0004
77 0.0004
23 0.0004
42 0.0004
55 0.0009
57 0.0005
45 0.0004
83 0.0005
94 0.0004
30 0.0008
82 0.0005
80 0.0004
49 0.0004
101 0.0003
74 0.0005
71 0.0004
65 0.0003
3 0.0008
101 0.0005
82 0.0004
88 0.0004
32 0.0008
143 0.0009
68 0.0008
83 0.0004
47 0.0005
62 0.0004
137 0.0004
41 0.0004
80 0.0004
42 0.0006
70 0.0006
16 0.0007
29 0.0008
6 0.0008
46 0.0011
89 0.0006
69 0.0007
71 0.0007
61 0.0005
34 0.0012
34 0.0007
152 0.0008
97 0.0006
42 0.0011
78 0.0007
64 0.0007
21 0.0005
56 0.0007
82 0.0005
17 0.0006
104 0.0005
119 0.0004
90 0.0008
15 0.0004
72 0.0004
71 0.0003
71 0.0005
63 0.0003
33 0.0004
109 0.0007
17 0.0005
52 0.0004
163 0.0004
22 0.0004
25 0.0008
61 0.0009
99 0.0009
36 0.0005
36 0.0004
75 0.0005
127 0.0004
32 0.0004
79 0.0004
15 0.0003
78 0.0004
48 0.0004
32 0.0005
72 0.0007
87 0.0004
13 0.0003
55 0.0004
63 0.0004
74 0.0004
64 0.0003
6 0.0004
31 0.0004
74 0.0008
62 0.0005
82 0.0004
83 0.0005
124 0.0004
90 0.0004
75 0.0003
36 0.0003
61 0.0004
58 0.0008
114 0.0005
17 0.0005
124 0.0004
88 0.0004
23 0.0004
64 0.0007
38 0.0008
77 0.0004
43 0.0004
65 0.0004
40 0.0003
86 0.0004
87 0.0004
83 0.0003
103 0.0005
41 0.0003
76 0.0003
76 0.0003
53 0.0003
111 0.0003
39 0.0008
48 0.0005
91 0.0005
90 0.0008
49 0.0005
64 0.0005
21 0.0008
56 0.0004
66 0.0004
47 0.0004
36 0.0005
56 0.0005
59 0.0004
27 0.0005
60 0.0004
63 0.0007
27 0.0005
61 0.0004
22 0.0003
39 0.0004
88 0.0004
69 0.0005
74 0.0004
52 0.0004
35 0.0008
25 0.0005
18 0.0004
54 0.0004
46 0.0004
64 0.0004
63 0.0004
56 0.0003
44 0.0004
34 0.0003
26 0.0005
36 0.0008
47 0.0005
39 0.0004
25 0.0005
48 0.0004
27 0.0004
72 0.0005
84 0.0008
69 0.0005
42 0.0004
39 0.0004
91 0.0004
10 0.0004
44 0.0005
41 0.0004
33 0.0004
19 0.0004
88 0.0004
53 0.0004
47 0.0004
102 0.0004
60 0.0012
29 0.0004
50 0.0004
9 0.0004
95 0.0008
24 0.0005
89 0.0004
122 0.0004
21 0.0004
98 0.0004
48 0.0008
55 0.0005
29 0.0004
21 0.0004
43 0.0004
91 0.0005
82 0.0004
72 0.0004
90 0.0005
42 0.0004
85 0.0008
54 0.0005
16 0.0003
30 0.0003
50 0.0005
21 0.0003
66 0.0003
44 0.0003
109 0.0009
62 0.0006
87 0.0004
22 0.0004
43 0.0004
114 0.0005
20 0.0008
18 0.0008
37 0.0004
72 0.0008
41 0.0008
43 0.0006
65 0.0004
57 0.0009
35 0.0005
69 0.0004
67 0.0004
71 0.0004
37 0.0008
89 0.0004
92 0.0004
65 0.0008
40 0.0005
83 0.0004
54 0.0003
40 0.0004
66 0.0003
65 0.0004
65 0.0004
29 0.0004
46 0.0003
87 0.0004
114 0.0004
24 0.0004
115 0.0004
39 0.0008
43 0.0005
49 0.0004
58 0.0004
16 0.0005
108 0.0004
52 0.0059
27 0.0005
70 0.0005
74 0.0008
46 0.0005
24 0.0004
39 0.0004
49 0.0004
19 0.0004
50 0.0004
45 0.0004
143 0.0008
107 0.0007
65 0.0004
57 0.0004
55 0.0004
13 0.0007
49 0.0006
40 0.0007
110 0.0008
37 0.0006
47 0.0004
85 0.0008
7 0.0009
42 0.0008
71 0.0005
46 0.0004
43 0.0004
9 0.0004
114 0.0006
64 0.0004
68 0.0004
67 0.0004
34 0.0003
133 0.0004
37 0.0004
53 0.0004
60 0.0004
97 0.0004
34 0.0003
87 0.0003
57 0.0004
30 0.0008
80 0.0004
30 0.0004
42 0.0004
42 0.0005
26 0.0004
64 0.0004
27 0.0004
15 0.0004
35 0.0004
15 0.0008
149 0.0004
82 0.0004
9 0.0004
105 0.0004
107 0.0004
28 0.0004
48 0.0004
21 0.0004
22 0.0008
67 0.0005
27 0.0005
140 0.0004
53 0.0005
56 0.0004
51 0.0004
36 0.0003
37 0.0004
21 0.0008
66 0.0012
102 0.0004
80 0.0003
76 0.0003
47 0.0004
60 0.0004
106 0.0003
121 0.0004
38 0.0003
22 0.0004
14 0.0004
63 0.0004
35 0.0004
65 0.0003
27 0.0008
74 0.0005
91 0.0004
13 0.0004
140 0.0008
16 0.0004
12 0.0008
40 0.0005
33 0.0004
98 0.0004
69 0.0003
65 0.0003
56 0.0005
50 0.0004
73 0.0007
66 0.0005
97 0.0004
21 0.0005
93 0.0004
47 0.0003
27 0.0003
77 0.0005
76 0.0004
49 0.0008
94 0.0005
11 0.0004
121 0.0004
89 0.0004
57 0.0004
34 0.0004
136 0.0004
66 0.0007
34 0.0004
113 0.0004
61 0.0004
51 0.0005
35 0.0004
92 0.0003
61 0.0004
29 0.0004
100 0.0004
12 0.0005
141 0.0007
65 0.0004
81 0.0005
107 0.0003
51 0.0008
29 0.0004
55 0.0005
59 0.0004
50 0.0004
54 0.0003
38 0.0003
66 0.0004
26 0.0004
59 0.0003
71 0.0003
61 0.0008
2 0.0005
27 0.0004
16 0.0003
16 0.0004
59 0.0004
97 0.0004
87 0.0004
81 0.0005
88 0.0004
38 0.0008
61 0.0005
47 0.0004
21 0.0004
42 0.0004
95 0.0003
61 0.0003
34 0.0004
32 0.0004
22 0.0004
31 0.0003
37 0.0005
47 0.0004
25 0.0008
35 0.0005
28 0.0004
53 0.0004
38 0.0004
50 0.0004
42 0.0005
35 0.0004
87 0.0004
155 0.0004
67 0.0004
49 0.0008
49 0.0004
25 0.0004
44 0.0004
4 0.0008
51 0.0004
19 0.0003
53 0.0004
23 0.0004
59 0.0008
132 0.0004
108 0.0005
35 0.0003
61 0.0004
35 0.0004
8 0.0009
31 0.0008
31 0.0005
23 0.0004
56 0.0003
48 0.0004
33 0.0004
109 0.0004
61 0.0004
19 0.0003
8 0.0003
69 0.0004
21 0.0004
2 0.0008
16 0.0004
59 0.0008
102 0.0005
34 0.0005
18 0.0004
67 0.0008
37 0.0005
37 0.0004
89 0.0004
36 0.0005
34 0.0004
98 0.0004
47 0.0004
53 0.0004
119 0.0007
106 0.0005
62 0.0004
32 0.0004
68 0.0005
45 0.0004
73 0.0003
29 0.0003
39 0.0005
52 0.0008
67 0.0006
112 0.0005
93 0.0004
97 0.0004
72 0.0007
146 0.0004
49 0.0005
77 0.0004
13 0.0004
57 0.0004
81 0.0004
48 0.0004
30 0.0008
57 0.0005
29 0.0004
52 0.0004
125 0.0009
77 0.0005
89 0.0004
85 0.0004
116 0.0003
124 0.0004
24 0.0003
4 0.0004
67 0.0005
92 0.0004
37 0.0007
20 0.0004
65 0.0004
42 0.0004
29 0.0004
57 0.0004
71 0.0003
12 0.0008
32 0.0004
115 0.0004
23 0.0008
98 0.0005
45 0.0004
56 0.0004
58 0.0004
36 0.0004
95 0.0004
83 0.0004
66 0.0005
26 0.0004
29 0.0004
81 0.0003
14 0.0008
67 0.0005
84 0.0004
48 0.0004
44 0.0004
111 0.0004
32 0.0004
54 0.0005
23 0.0008
14 0.0004
60 0.0004
25 0.0004
62 0.0004
66 0.0004
67 0.0005
83 0.0004
60 0.0003
44 0.0008
24 0.0005
18 0.0004
11 0.0004
96 0.0004
26 0.0004
47 0.0004
79 0.0004
26 0.0004
100 0.0008
54 0.0009
9 0.0011
38 0.0006
75 0.0004
139 0.0004
28 0.0004
65 0.0003
55 0.0008
68 0.0004
42 0.0004
48 0.0004
72 0.0004
32 0.0004
38 0.0004
30 0.0004
27 0.0011
55 0.0008
6 0.0008
106 0.0012
47 0.0009
15 0.0005
59 0.0004
42 0.0004
23 0.0004
35 0.0003
65 0.0009
58 0.0006
53 0.0004
50 0.0004
60 0.0003
53 0.0004
96 0.0004
23 0.0008
60 0.0004
75 0.0005
81 0.0004
28 0.0004
51 0.0004
43 0.0005
93 0.001
23 0.0008
67 0.0007
30 0.0007
56 0.0009
43 0.0004
44 0.0005
7 0.0004
31 0.0004
85 0.0004
58 0.0008
31 0.0008
45 0.0007
53 0.0007
7 0.0006
30 0.0004
4 0.0003
48 0.0004
52 0.0004
101 0.0004
49 0.0004
12 0.0004
43 0.0003
95 0.0008
54 0.0004
100 0.0011
21 0.0008
125 0.0005
79 0.0005
28 0.0003
82 0.0004
68 0.0004
85 0.0004
43 0.0004
45 0.0004
53 0.0004
88 0.0006
52 0.0004
47 0.0004
73 0.0003
24 0.0004
51 0.0004
38 0.0004
41 0.0003
66 0.0004
42 0.0003
20 0.0003
36 0.0003
70 0.0004
76 0.0008
40 0.0004
20 0.0004
59 0.0004
65 0.0004
98 0.0004
81 0.0004
87 0.0004
39 0.0004
84 0.0009
128 0.0005
62 0.0004
25 0.0004
80 0.0003
111 0.0004
114 0.0004
127 0.0004
47 0.0003
71 0.0003
34 0.0004
37 0.0008
21 0.0005
57 0.0004
81 0.0003
23 0.0003
44 0.0003
74 0.0004
89 0.0003
18 0.0004
19 0.0007
18 0.0006
76 0.0005
28 0.0004
38 0.0004
106 0.0004
74 0.0004
65 0.0003
52 0.0008
54 0.0008
10 0.0004
114 0.0008
29 0.0008
94 0.0006
11 0.0005
69 0.0004
86 0.0004
99 0.0007
48 0.0007
32 0.0005
37 0.0004
62 0.0004
62 0.0004
86 0.0005
56 0.0004
75 0.0007
62 0.0007
79 0.0005
44 0.0003
52 0.0003
52 0.0004
71 0.0008
26 0.001
83 0.0004
48 0.0004
89 0.0004
80 0.0004
41 0.0004
24 0.0008
19 0.0005
70 0.0004
127 0.0005
13 0.0004
15 0.0004
40 0.0004
81 0.0004
47 0.0008
22 0.0008
53 0.0004
103 0.0004
90 0.0003
94 0.0004
69 0.0004
96 0.0004
61 0.0003
60 0.0005
81 0.0004
41 0.0004
28 0.0004
127 0.0007
81 0.0004
108 0.0008
67 0.0004
68 0.0008
107 0.0004
42 0.0005
74 0.0004
23 0.0004
44 0.0008
70 0.0005
25 0.0005
7 0.0004
104 0.0005
93 0.0003
45 0.0006
31 0.0007
121 0.0008
149 0.0007
14 0.0009
36 0.0004
24 0.0005
81 0.0009
72 0.0006
60 0.0008
49 0.0004
45 0.0008
144 0.0007
50 0.0004
70 0.0004
79 0.0004
88 0.0003
62 0.0004
73 0.0003
40 0.0004
33 0.0004
39 0.0004
58 0.0004
26 0.0008
65 0.0004
44 0.0005
42 0.0004
21 0.0004
60 0.0004
45 0.0004
33 0.0004
55 0.0009
90 0.0008
57 0.0005
23 0.0004
30 0.0003
107 0.0004
24 0.0004
30 0.0004
94 0.0004
72 0.0004
12 0.0004
33 0.0004
18 0.0003
50 0.0004
78 0.0003
77 0.0008
54 0.0005
28 0.0005
82 0.0004
23 0.0004
21 0.0003
35 0.0005
91 0.0004
69 0.0004
31 0.0004
21 0.0008
87 0.0005
41 0.0004
23 0.0004
73 0.0003
88 0.0005
16 0.0004
18 0.0003
23 0.0004
44 0.0003
80 0.0008
31 0.0004
95 0.0004
61 0.0008
50 0.0005
58 0.0004
72 0.0007
46 0.0005
41 0.0004
103 0.0005
56 0.0004
58 0.0004
105 0.0003
58 0.0004
