60 0.0015
54 0.0008
56 0.0006
24 0.0005
8 0.0005
34 0.0005
21 0.0005
12 0.0005
83 0.0004
22 0.0005
27 0.0004
53 0.0004
19 0.0005
32 0.0004
74 0.0005
87 0.0004
87 0.0005
168 0.0007
72 0.0005
77 0.0004
9 0.0004
102 0.0005
48 0.0005
69 0.0004
101 0.0005
74 0.0005
33 0.0005
74 0.0005
40 0.0005
84 0.0005
58 0.0005
34 0.0005
22 0.0004
72 0.0005
32 0.0005
34 0.0004
30 0.0005
42 0.0005
52 0.0005
18 0.0005
72 0.0006
44 0.0014
42 0.001
84 0.0013
70 0.0011
39 0.0013
83 0.0011
52 0.0009
20 0.0012
86 0.0009
37 0.0009
144 0.0013
86 0.001
124 0.0025
63 0.0009
26 0.0018
55 0.001
114 0.0013
67 0.0012
34 0.0009
110 0.0007
73 0.0007
62 0.0014
74 0.0009
52 0.0007
53 0.0007
53 0.0012
76 0.0012
36 0.0008
58 0.0012
36 0.0008
41 0.0009
87 0.0004
57 0.0004
14 0.0003
69 0.0004
77 0.0004
95 0.0004
83 0.0004
82 0.0004
64 0.0008
42 0.0005
28 0.0004
84 0.0004
25 0.0004
86 0.0005
108 0.0004
66 0.0004
52 0.0003
95 0.0003
49 0.0003
109 0.0012
109 0.0004
38 0.0006
112 0.0008
50 0.0008
49 0.0008
103 0.0009
23 0.0004
54 0.0005
26 0.0003
55 0.0009
61 0.0004
30 0.0005
25 0.0003
74 0.0003
28 0.0004
26 0.0003
77 0.0004
74 0.0004
35 0.0004
18 0.0004
9 0.0008
20 0.0006
16 0.0007
52 0.0004
148 0.0008
82 0.0007
45 0.0005
78 0.0004
69 0.0003
83 0.0008
66 0.0005
20 0.0004
61 0.0004
47 0.0003
70 0.0004
32 0.0004
62 0.0004
84 0.0004
93 0.0004
84 0.0005
44 0.0012
52 0.001
89 0.0007
103 0.0008
31 0.0005
58 0.0004
27 0.0004
65 0.0004
23 0.0004
32 0.0004
48 0.0004
34 0.0003
44 0.0004
53 0.0003
24 0.0008
86 0.0004
64 0.0004
77 0.0004
32 0.0004
68 0.0003
76 0.0003
37 0.0008
93 0.0008
18 0.0008
70 0.0014
129 0.0015
39 0.0012
99 0.0012
48 0.0011
18 0.0012
53 0.0008
35 0.0012
46 0.0009
123 0.0005
56 0.0004
55 0.0003
27 0.0005
34 0.0004
70 0.0004
99 0.0004
34 0.0005
37 0.0003
29 0.0003
38 0.0005
37 0.0004
62 0.0004
5 0.0008
58 0.0006
85 0.0005
47 0.0004
87 0.0004
125 0.0005
31 0.0004
114 0.0003
56 0.0004
23 0.0004
106 0.0004
34 0.0009
68 0.0005
12 0.0004
57 0.0004
26 0.0004
43 0.0004
50 0.0004
102 0.0009
67 0.0005
66 0.0004
32 0.0004
70 0.0007
48 0.0003
85 0.0004
35 0.0004
34 0.0004
10 0.0009
98 0.0005
75 0.0005
67 0.0004
55 0.0003
49 0.0005
28 0.0004
87 0.0004
58 0.0004
31 0.0004
80 0.0005
95 0.0004
53 0.0009
109 0.0006
46 0.0004
99 0.0004
109 0.0003
58 0.0014
53 0.0012
54 0.0004
38 0.0005
69 0.0007
36 0.0007
96 0.0004
20 0.0004
58 0.0004
126 0.0005
31 0.0008
35 0.0005
48 0.0007
72 0.0005
78 0.0005
11 0.0011
30 0.0008
51 0.0008
85 0.0009
69 0.0007
11 0.001
19 0.001
14 0.0009
78 0.0006
33 0.0007
27 0.0006
93 0.0006
21 0.0006
131 0.0007
77 0.0007
58 0.001
102 0.0008
62 0.0007
50 0.0007
34 0.0007
34 0.0008
23 0.0006
33 0.0006
51 0.0006
19 0.0013
73 0.0013
56 0.0011
78 0.0011
50 0.0011
26 0.001
65 0.001
121 0.0016
56 0.0013
152 0.001
80 0.0007
50 0.0011
32 0.001
31 0.0011
61 0.0013
43 0.0011
59 0.0018
115 0.0011
67 0.0012
20 0.0014
53 0.0007
31 0.0005
41 0.0011
57 0.0011
84 0.0011
54 0.001
83 0.0006
90 0.0005
23 0.0006
94 0.0006
36 0.0006
57 0.0005
33 0.0011
87 0.0007
39 0.0004
26 0.0003
24 0.0003
93 0.0003
90 0.0003
50 0.0004
83 0.0011
58 0.0006
25 0.0003
63 0.0004
75 0.0004
35 0.0004
111 0.0004
96 0.0003
92 0.0004
42 0.0004
19 0.0003
29 0.0012
26 0.0012
13 0.0006
13 0.0006
79 0.0006
94 0.0007
114 0.0007
42 0.0011
141 0.0009
47 0.0014
22 0.0012
7 0.0012
54 0.0012
107 0.001
60 0.0011
59 0.0011
65 0.0013
108 0.0016
40 0.0006
67 0.0004
82 0.0006
38 0.0003
37 0.0012
36 0.0006
51 0.0004
17 0.0004
128 0.0004
38 0.0004
46 0.0004
32 0.0003
72 0.0009
101 0.0004
40 0.0004
32 0.0004
52 0.0008
15 0.0035
41 0.0006
98 0.0005
82 0.0005
54 0.0004
43 0.0004
48 0.0004
51 0.0005
41 0.0004
64 0.0004
44 0.0012
33 0.0013
41 0.0007
66 0.0007
114 0.0006
23 0.0006
64 0.0006
31 0.001
18 0.0011
93 0.0011
41 0.001
70 0.0015
125 0.0008
77 0.0008
25 0.0009
73 0.0005
87 0.0004
67 0.0005
53 0.0004
125 0.0016
73 0.0008
34 0.0007
78 0.0005
55 0.0004
80 0.0004
45 0.0003
57 0.0015
67 0.0005
77 0.0004
40 0.0004
6 0.0004
75 0.0004
109 0.0016
39 0.0005
48 0.0004
41 0.0004
73 0.0003
25 0.0012
36 0.0009
79 0.0005
34 0.0004
22 0.0004
31 0.0004
5 0.0004
42 0.0014
60 0.0012
11 0.0015
111 0.0012
41 0.0011
62 0.0011
47 0.0011
35 0.001
24 0.0011
20 0.001
30 0.0005
17 0.0015
78 0.0005
85 0.0003
79 0.0003
70 0.0004
21 0.0004
134 0.0012
38 0.0009
64 0.0004
35 0.0004
36 0.0003
37 0.0003
48 0.0004
59 0.0003
106 0.0004
73 0.0011
76 0.0008
77 0.0004
83 0.0004
31 0.0004
36 0.0004
118 0.0004
22 0.0004
102 0.0004
66 0.001
4 0.0013
39 0.0004
68 0.0005
76 0.0005
71 0.0004
61 0.0003
95 0.0004
46 0.0003
25 0.0012
44 0.001
25 0.0004
70 0.0004
33 0.0004
14 0.0004
18 0.0004
37 0.0004
51 0.0004
57 0.0004
17 0.0015
90 0.0005
71 0.0004
31 0.0004
50 0.0004
60 0.0004
80 0.001
87 0.0009
29 0.0005
23 0.0004
63 0.0004
25 0.0004
35 0.0004
30 0.0007
10 0.0013
88 0.0012
143 0.0012
28 0.001
58 0.001
137 0.0012
67 0.0008
69 0.0014
72 0.0012
16 0.0012
65 0.0011
8 0.0011
18 0.001
99 0.001
65 0.001
57 0.0004
49 0.0004
79 0.0004
79 0.0003
99 0.0004
28 0.0004
74 0.0004
55 0.0004
28 0.0004
106 0.0004
49 0.0004
28 0.0012
41 0.0008
27 0.0006
58 0.0004
25 0.0004
11 0.0004
51 0.0008
84 0.0009
27 0.0009
17 0.0005
98 0.0004
65 0.0004
95 0.0004
91 0.0004
23 0.0004
16 0.0005
111 0.0004
120 0.0004
64 0.0003
21 0.0004
3 0.0008
71 0.0004
72 0.0004
64 0.0004
62 0.0004
27 0.0004
54 0.0004
44 0.0005
65 0.0004
40 0.0004
95 0.0004
32 0.0003
95 0.0008
21 0.0004
22 0.0003
72 0.0004
32 0.0004
25 0.0004
29 0.0004
47 0.0004
46 0.0005
89 0.0004
50 0.0004
61 0.0004
117 0.0008
61 0.0004
18 0.0004
54 0.0004
7 0.0004
33 0.0003
37 0.0003
57 0.0006
44 0.0005
53 0.0004
39 0.0004
57 0.0003
16 0.0003
53 0.0004
23 0.0003
68 0.0003
74 0.0004
88 0.0004
41 0.0004
81 0.0004
62 0.0004
42 0.0004
34 0.0012
23 0.0005
72 0.0004
44 0.0004
17 0.0004
51 0.0004
118 0.0004
26 0.0003
155 0.0004
83 0.0004
45 0.0005
53 0.0008
20 0.0004
58 0.0003
47 0.0004
99 0.0004
48 0.0004
67 0.0003
118 0.0004
36 0.0003
36 0.0004
41 0.0004
10 0.0012
67 0.0006
56 0.0004
55 0.0004
50 0.0004
117 0.0004
39 0.0003
65 0.0004
41 0.0004
72 0.0003
65 0.0004
42 0.0009
50 0.0004
47 0.0004
39 0.0004
61 0.0004
38 0.0004
46 0.0003
56 0.0005
32 0.0004
54 0.0003
114 0.0004
39 0.0008
25 0.0004
57 0.0004
40 0.0004
83 0.0004
64 0.0004
18 0.0004
38 0.0004
47 0.0004
83 0.0004
48 0.0004
42 0.0008
52 0.0006
80 0.0004
69 0.0004
31 0.0004
20 0.0004
13 0.0004
37 0.0003
20 0.0004
65 0.0004
16 0.0008
36 0.0004
50 0.0004
35 0.0003
11 0.0004
55 0.0004
41 0.0004
65 0.0004
43 0.0004
42 0.0004
46 0.0004
121 0.0004
78 0.0004
24 0.0008
24 0.0005
57 0.0004
12 0.0004
57 0.0004
71 0.0004
58 0.0003
54 0.0004
33 0.0004
60 0.0003
53 0.0003
82 0.0004
21 0.0008
89 0.0005
32 0.0004
67 0.0004
70 0.0003
48 0.0004
4 0.0003
27 0.0004
22 0.0004
36 0.0004
54 0.0004
18 0.0004
64 0.0008
54 0.0004
54 0.0005
20 0.0003
38 0.0004
43 0.0004
109 0.0005
80 0.0003
41 0.0004
19 0.0003
38 0.0004
95 0.0004
11 0.0008
55 0.0005
97 0.0003
57 0.0005
77 0.0003
57 0.0004
51 0.0004
97 0.0004
74 0.0004
123 0.0004
85 0.0004
41 0.0003
48 0.0004
62 0.0004
37 0.0004
114 0.0003
65 0.0009
68 0.0005
43 0.0004
67 0.0003
80 0.0004
55 0.0004
8 0.0003
99 0.0004
25 0.0004
82 0.0003
116 0.0009
26 0.0005
72 0.0005
88 0.0004
66 0.0004
78 0.0004
76 0.0004
20 0.0004
145 0.0007
57 0.0003
57 0.0004
21 0.0004
44 0.0009
50 0.0014
40 0.0004
70 0.0004
15 0.0004
26 0.0004
34 0.0004
29 0.0004
135 0.0004
41 0.0011
98 0.0014
38 0.0005
77 0.0004
49 0.0004
51 0.0004
41 0.0004
41 0.0004
16 0.0003
109 0.0008
122 0.0004
44 0.0003
18 0.0004
78 0.0004
69 0.0003
65 0.0004
56 0.0004
84 0.0003
52 0.0004
30 0.0015
15 0.0004
80 0.0007
135 0.0005
46 0.0004
107 0.0004
73 0.0005
85 0.0008
30 0.0004
24 0.0004
13 0.0004
26 0.0004
109 0.0004
66 0.0004
52 0.0004
34 0.0004
28 0.0005
136 0.0004
56 0.0004
85 0.0015
57 0.0006
28 0.0003
49 0.0004
121 0.0004
62 0.0004
6 0.0009
97 0.0005
29 0.0004
79 0.0004
80 0.0004
63 0.0004
34 0.0004
19 0.0003
35 0.0003
106 0.0004
69 0.0004
37 0.0004
8 0.0003
93 0.0004
55 0.0013
54 0.001
66 0.0004
27 0.0005
35 0.0004
9 0.0003
32 0.0004
20 0.0004
53 0.0009
59 0.0005
78 0.0004
67 0.0004
51 0.0003
76 0.0004
78 0.0003
48 0.0003
20 0.0004
17 0.0005
90 0.0004
82 0.0004
35 0.0004
36 0.0005
133 0.0004
39 0.0004
6 0.0004
60 0.0013
49 0.0005
56 0.0004
58 0.0003
131 0.0005
66 0.0004
47 0.0008
28 0.0005
108 0.0003
108 0.0004
9 0.0008
56 0.0003
74 0.0004
41 0.0004
16 0.0004
33 0.0003
19 0.0004
96 0.0003
77 0.0003
97 0.0009
87 0.0011
75 0.0005
75 0.0004
97 0.0004
60 0.0004
33 0.0004
66 0.0009
86 0.0005
104 0.0004
62 0.0004
69 0.0004
57 0.0003
48 0.0003
94 0.0004
44 0.0003
10 0.0003
95 0.0004
27 0.0011
40 0.0014
25 0.0004
60 0.0004
40 0.0004
40 0.0004
5 0.0005
79 0.0005
87 0.001
69 0.001
11 0.0007
19 0.0009
47 0.0007
54 0.0006
19 0.001
53 0.0004
81 0.0004
54 0.001
62 0.0013
108 0.0005
22 0.0004
43 0.0004
12 0.0004
18 0.0003
66 0.0004
27 0.0004
72 0.0003
81 0.0008
50 0.0004
73 0.0004
20 0.0004
83 0.0004
69 0.0004
74 0.0003
64 0.0003
44 0.0003
83 0.0004
37 0.0004
85 0.0003
24 0.0008
48 0.0005
34 0.0004
36 0.0004
38 0.0004
21 0.0003
86 0.0003
15 0.0003
72 0.0003
8 0.0004
21 0.0004
21 0.0003
80 0.0004
102 0.0004
106 0.0009
33 0.0005
88 0.0005
46 0.0004
60 0.0004
71 0.0003
58 0.0004
87 0.0003
22 0.0004
33 0.0003
62 0.0004
74 0.0009
68 0.0013
18 0.0004
61 0.0004
27 0.0004
72 0.0004
75 0.0005
28 0.0005
116 0.0004
65 0.0004
83 0.0008
108 0.001
124 0.0009
93 0.0003
62 0.0003
43 0.0004
44 0.0003
47 0.0004
77 0.0004
46 0.0004
78 0.0003
83 0.0009
104 0.0005
58 0.0003
10 0.0004
91 0.0003
32 0.0003
52 0.0004
87 0.0009
12 0.0013
33 0.0005
47 0.0004
60 0.0004
81 0.0004
60 0.0003
63 0.0004
24 0.0003
13 0.0008
66 0.0005
70 0.0004
73 0.0003
41 0.0004
33 0.0004
41 0.0004
29 0.0005
55 0.0003
29 0.0004
32 0.0003
136 0.0008
37 0.0004
90 0.0004
65 0.0004
50 0.0003
71 0.0004
52 0.0004
38 0.0004
63 0.0006
146 0.0009
66 0.0008
17 0.0005
31 0.0004
34 0.0003
93 0.0004
83 0.0004
76 0.0003
61 0.0004
55 0.0004
33 0.0005
33 0.0004
67 0.0005
44 0.0004
70 0.0008
73 0.0005
42 0.0004
78 0.0004
26 0.0003
29 0.0004
13 0.0004
78 0.0004
58 0.0004
16 0.0004
34 0.0003
59 0.0011
24 0.0009
58 0.0004
37 0.0004
129 0.0004
26 0.0004
71 0.0003
11 0.0003
64 0.0003
84 0.0008
53 0.0005
69 0.0004
36 0.0003
50 0.0005
47 0.0004
107 0.0005
24 0.0004
60 0.0004
56 0.0003
70 0.0004
73 0.0009
19 0.0013
62 0.0005
88 0.0004
49 0.0004
75 0.0003
21 0.0004
86 0.0004
45 0.0004
42 0.0004
65 0.0004
15 0.0008
76 0.0004
91 0.0004
98 0.0005
104 0.0004
130 0.0004
93 0.0007
95 0.0004
82 0.0005
45 0.0004
95 0.0004
70 0.0009
106 0.0013
163 0.0006
26 0.0004
62 0.0004
74 0.0004
43 0.0003
30 0.0004
52 0.0004
115 0.0004
44 0.0009
18 0.0004
20 0.0004
39 0.0003
8 0.0004
12 0.0009
36 0.0004
15 0.0004
2 0.0004
67 0.0003
39 0.0004
20 0.0004
45 0.0004
63 0.0005
6 0.0004
105 0.0004
89 0.0004
71 0.0004
66 0.0005
61 0.0008
2 0.0004
50 0.0004
40 0.0004
24 0.0004
75 0.0004
64 0.0004
26 0.0004
94 0.0004
40 0.0003
41 0.0004
61 0.0003
6 0.0015
36 0.0006
37 0.0004
61 0.0004
54 0.0004
34 0.0003
52 0.0008
110 0.0005
47 0.0004
19 0.0003
93 0.0003
127 0.0004
65 0.0004
82 0.0003
118 0.0003
28 0.0004
38 0.0004
50 0.0015
87 0.0005
28 0.0004
31 0.0004
73 0.0004
35 0.0008
35 0.0005
49 0.0004
94 0.0004
66 0.0004
72 0.0005
74 0.0006
55 0.0003
24 0.0003
28 0.0004
71 0.0012
73 0.0009
19 0.0005
95 0.0004
29 0.0004
84 0.0003
43 0.0004
28 0.0004
77 0.0003
60 0.0008
43 0.0006
45 0.0004
18 0.0005
37 0.0004
60 0.0004
87 0.0004
89 0.0004
67 0.0004
21 0.0004
57 0.0009
78 0.0014
81 0.0006
71 0.0005
31 0.0004
11 0.0003
35 0.0004
20 0.0003
94 0.0004
67 0.0009
56 0.0005
32 0.0005
63 0.0008
45 0.0011
88 0.0008
31 0.0004
38 0.0004
46 0.0004
93 0.001
2 0.0011
43 0.0008
12 0.001
39 0.0012
10 0.0006
96 0.0003
113 0.0004
19 0.0004
76 0.0004
45 0.0003
46 0.0003
51 0.0004
34 0.0004
78 0.0015
102 0.0005
89 0.0004
80 0.0004
55 0.0003
60 0.0004
122 0.0003
57 0.0003
22 0.0003
70 0.0004
69 0.0004
73 0.0003
35 0.0015
74 0.0006
101 0.0015
78 0.0012
15 0.0015
48 0.0013
28 0.0013
53 0.0005
131 0.0003
35 0.0004
120 0.0004
59 0.0004
53 0.0004
44 0.0004
32 0.0004
48 0.0007
81 0.0008
38 0.0012
73 0.0012
36 0.0005
42 0.0004
35 0.0005
40 0.0004
51 0.0054
25 0.0011
46 0.0005
91 0.0004
46 0.0004
89 0.0004
63 0.0004
54 0.0004
6 0.0004
24 0.0009
73 0.0009
43 0.0007
53 0.0008
70 0.0006
44 0.0003
31 0.0004
37 0.0004
100 0.0004
49 0.0003
39 0.0004
49 0.0009
55 0.0012
109 0.0007
34 0.0007
94 0.0007
78 0.0006
124 0.0008
33 0.0007
56 0.0006
45 0.0012
34 0.0009
103 0.0004
14 0.0003
96 0.0004
26 0.0004
99 0.0004
86 0.0004
32 0.0004
26 0.0004
28 0.0011
47 0.0005
8 0.0004
76 0.0004
77 0.0004
23 0.0004
42 0.0004
55 0.0006
57 0.0008
45 0.0009
83 0.0009
94 0.0004
30 0.0004
82 0.0003
80 0.0003
49 0.0003
101 0.0004
74 0.0004
71 0.0004
65 0.0005
3 0.0008
101 0.0008
82 0.0005
88 0.0005
32 0.0005
143 0.0004
68 0.0003
83 0.0004
47 0.0003
62 0.0004
137 0.0004
41 0.0003
80 0.0008
42 0.0004
70 0.0004
16 0.0003
29 0.0004
6 0.0004
46 0.0004
89 0.0004
69 0.0004
71 0.0004
61 0.0004
34 0.0008
34 0.0005
152 0.0004
97 0.0003
42 0.0004
78 0.0004
64 0.0003
21 0.0004
56 0.0004
82 0.0004
17 0.0004
104 0.0008
119 0.0005
90 0.0005
15 0.0004
72 0.0004
71 0.0004
71 0.0003
63 0.0003
33 0.0004
109 0.0004
17 0.0009
52 0.0009
163 0.0006
22 0.0005
25 0.0004
61 0.0003
99 0.0006
36 0.0004
36 0.0009
75 0.0004
127 0.0004
32 0.0004
79 0.0004
15 0.0003
78 0.0003
48 0.0005
32 0.0003
72 0.0004
87 0.0004
13 0.0012
55 0.001
63 0.0005
74 0.0004
64 0.0004
6 0.0004
31 0.0004
74 0.0008
62 0.0004
82 0.0004
83 0.0003
124 0.0003
90 0.0003
75 0.0004
36 0.0003
61 0.0004
58 0.0004
114 0.0011
17 0.0013
124 0.0005
88 0.0004
23 0.0004
64 0.0003
38 0.0004
77 0.0004
43 0.0008
65 0.0004
40 0.0004
86 0.0003
87 0.0004
83 0.0004
103 0.0004
41 0.0003
76 0.0004
76 0.0005
53 0.0013
111 0.0008
39 0.0004
48 0.0004
91 0.0004
90 0.0003
49 0.0004
64 0.0003
21 0.0004
56 0.0009
66 0.0014
47 0.0005
36 0.0004
56 0.0005
59 0.0004
27 0.0011
60 0.0009
63 0.0004
27 0.0003
61 0.0003
22 0.0004
39 0.0004
88 0.0005
69 0.0008
74 0.0015
52 0.0005
35 0.0004
25 0.0004
18 0.0004
54 0.0003
46 0.0004
64 0.0008
63 0.0012
56 0.0005
44 0.0004
34 0.0004
26 0.0003
36 0.0004
47 0.0003
39 0.0011
25 0.0014
48 0.0005
27 0.0004
72 0.0003
84 0.0005
69 0.0004
42 0.0014
39 0.0012
91 0.0011
10 0.0009
44 0.0004
41 0.0004
33 0.0004
19 0.0004
88 0.0004
53 0.0004
47 0.0012
102 0.0005
60 0.0004
29 0.001
50 0.0007
9 0.0007
95 0.0011
24 0.0007
89 0.001
122 0.0008
21 0.0004
98 0.0004
48 0.0004
55 0.0004
29 0.0003
21 0.0004
43 0.0004
91 0.0004
82 0.0008
72 0.0009
90 0.0008
42 0.0004
85 0.0004
54 0.0003
16 0.0004
30 0.0003
50 0.0003
21 0.0016
66 0.0004
44 0.0004
109 0.0003
62 0.0011
87 0.0004
22 0.0004
43 0.0003
114 0.0003
20 0.0015
18 0.0005
37 0.0004
72 0.001
41 0.0013
43 0.0005
65 0.0004
57 0.0009
35 0.0004
69 0.0004
67 0.0005
71 0.0003
37 0.0008
89 0.0012
92 0.0008
65 0.0004
40 0.0004
83 0.0004
54 0.0004
40 0.0004
66 0.0003
65 0.0003
65 0.0004
29 0.0008
46 0.0008
87 0.0008
114 0.0004
24 0.0004
115 0.0003
39 0.0004
43 0.0004
49 0.0004
58 0.0014
16 0.0004
108 0.0004
52 0.0004
27 0.0011
70 0.0014
74 0.0005
46 0.0004
24 0.0004
39 0.0004
49 0.0004
19 0.0004
50 0.0015
45 0.0006
143 0.0004
107 0.0008
65 0.0004
57 0.0004
55 0.0008
13 0.0004
49 0.0004
40 0.0003
110 0.0004
37 0.0003
47 0.0004
85 0.0004
7 0.0003
42 0.0003
71 0.0004
46 0.0004
43 0.0004
9 0.0005
114 0.0012
64 0.0004
68 0.0003
67 0.0003
34 0.0015
133 0.0004
37 0.0004
53 0.0004
60 0.0005
97 0.0003
34 0.0008
87 0.001
57 0.0008
30 0.0004
80 0.0004
30 0.0003
42 0.0003
42 0.0004
26 0.0004
64 0.0004
27 0.0004
15 0.0011
35 0.0008
15 0.0005
149 0.0004
82 0.0004
9 0.0004
105 0.0004
107 0.0004
28 0.0005
48 0.0008
21 0.0004
22 0.0004
67 0.0004
27 0.0003
140 0.0005
53 0.0004
56 0.0004
51 0.0008
36 0.0005
37 0.0003
21 0.0004
66 0.0004
102 0.0004
80 0.0004
76 0.0004
47 0.0003
60 0.0004
106 0.0004
121 0.0003
38 0.0012
22 0.0008
14 0.0004
63 0.0004
35 0.0004
65 0.0004
27 0.0004
74 0.0003
91 0.0004
13 0.001
140 0.0014
16 0.0005
12 0.0003
40 0.0004
33 0.0004
98 0.0004
69 0.0004
65 0.0003
56 0.0009
50 0.0004
73 0.0004
66 0.0004
97 0.0003
21 0.0004
93 0.0004
47 0.0004
27 0.0003
77 0.001
76 0.0009
49 0.0004
94 0.0004
11 0.0003
121 0.0004
89 0.0003
57 0.0003
34 0.0009
136 0.0006
66 0.0005
34 0.0004
113 0.0004
61 0.0003
51 0.0004
35 0.0004
92 0.0004
61 0.0004
29 0.0005
100 0.0003
12 0.0004
141 0.0004
65 0.0004
81 0.0037
107 0.0008
51 0.0003
29 0.0008
55 0.0004
59 0.0003
50 0.0004
54 0.0004
38 0.001
66 0.0008
26 0.0005
59 0.0003
71 0.0004
61 0.0003
2 0.0005
27 0.0004
16 0.0004
16 0.0008
59 0.0005
97 0.0004
87 0.0004
81 0.0003
88 0.0004
38 0.0004
61 0.0004
47 0.0003
21 0.0004
42 0.0004
95 0.0004
61 0.0008
34 0.0005
32 0.0004
22 0.0004
31 0.0004
37 0.0005
47 0.0004
25 0.0004
35 0.0004
28 0.0004
53 0.0004
38 0.0008
50 0.0013
42 0.0006
35 0.0004
87 0.0004
155 0.0004
67 0.0004
49 0.0004
49 0.0004
25 0.0008
44 0.0004
4 0.0005
51 0.0004
19 0.0004
53 0.0004
23 0.0003
59 0.0004
132 0.0003
108 0.0004
35 0.0004
61 0.0009
35 0.0013
8 0.0004
31 0.0004
31 0.0004
23 0.0003
56 0.0004
48 0.0004
33 0.0004
109 0.0005
61 0.0008
19 0.0004
8 0.0003
69 0.0004
21 0.0004
2 0.0003
16 0.0004
59 0.0004
102 0.0004
34 0.0003
18 0.0004
67 0.0003
37 0.0008
37 0.0004
89 0.0004
36 0.0003
34 0.0004
98 0.0004
47 0.0004
53 0.0004
119 0.0005
106 0.0004
62 0.0004
32 0.0004
68 0.0004
45 0.0004
73 0.0008
29 0.0014
39 0.0004
52 0.0004
67 0.0004
112 0.0004
93 0.0004
97 0.0004
72 0.0004
146 0.0004
49 0.001
77 0.0005
13 0.0004
57 0.0003
81 0.0004
48 0.0003
30 0.0004
57 0.0004
29 0.0003
52 0.0011
125 0.0008
77 0.0004
89 0.0003
85 0.0004
116 0.0004
124 0.0003
24 0.0003
4 0.0004
67 0.0008
92 0.0005
37 0.0004
20 0.0004
65 0.0004
42 0.0003
29 0.0003
57 0.0005
71 0.0005
12 0.0003
32 0.0003
115 0.001
23 0.0012
98 0.0006
45 0.0005
56 0.0004
58 0.0004
36 0.0004
95 0.0003
83 0.0004
66 0.0007
26 0.0004
29 0.0004
81 0.0004
14 0.0005
67 0.0004
84 0.0004
48 0.0004
44 0.0003
111 0.0003
32 0.0004
54 0.001
23 0.0008
14 0.0005
60 0.0004
25 0.0004
62 0.0004
66 0.0003
67 0.0004
83 0.0004
60 0.0008
44 0.0005
24 0.0004
18 0.0004
11 0.0005
96 0.0004
26 0.0004
47 0.0003
79 0.0004
26 0.0004
100 0.0004
54 0.0006
9 0.0004
38 0.0004
75 0.0003
139 0.0004
28 0.0004
65 0.0003
55 0.0004
68 0.0004
42 0.0004
48 0.0004
72 0.0004
32 0.0004
38 0.0004
30 0.0004
27 0.0004
55 0.0015
6 0.0006
106 0.0004
47 0.0003
15 0.0004
59 0.0008
42 0.0006
23 0.0005
35 0.0006
65 0.0007
58 0.0011
53 0.0005
50 0.0003
60 0.0005
53 0.0003
96 0.0004
23 0.0008
60 0.0004
75 0.0006
81 0.0007
28 0.0007
51 0.0005
43 0.0005
93 0.0003
23 0.0004
67 0.0004
30 0.0008
56 0.0004
43 0.0007
44 0.0008
7 0.0008
31 0.0004
85 0.0003
58 0.0003
31 0.0004
45 0.0009
53 0.0005
7 0.0006
30 0.0007
4 0.0008
48 0.0004
52 0.0004
101 0.0003
49 0.0004
12 0.0003
43 0.0009
95 0.0005
54 0.0006
100 0.0008
21 0.0008
125 0.0004
79 0.0004
28 0.0013
82 0.0008
68 0.0007
85 0.0007
43 0.0007
45 0.0006
53 0.0007
88 0.0008
52 0.0007
47 0.0007
73 0.0008
24 0.0007
51 0.0007
38 0.0008
41 0.0007
66 0.0006
42 0.0008
20 0.0005
36 0.0005
70 0.0008
76 0.0008
40 0.0004
20 0.0004
59 0.0008
65 0.0008
98 0.0004
81 0.0005
87 0.0007
39 0.0008
84 0.0004
128 0.0003
62 0.0004
25 0.0003
80 0.0004
111 0.0008
114 0.0005
127 0.0004
47 0.0004
71 0.0004
34 0.0004
37 0.0003
21 0.0004
57 0.0004
81 0.0004
23 0.0004
44 0.0004
74 0.0009
89 0.0005
18 0.0003
19 0.0004
18 0.0003
76 0.0004
28 0.0004
38 0.0004
106 0.0004
74 0.0004
65 0.0004
52 0.0004
54 0.0003
10 0.0008
114 0.0006
29 0.0004
94 0.0004
11 0.0004
69 0.0004
86 0.0005
99 0.0004
48 0.0004
32 0.0004
37 0.0004
62 0.0008
62 0.0004
86 0.006
56 0.0005
75 0.0004
62 0.0004
79 0.0011
44 0.0008
52 0.0012
52 0.0009
71 0.0003
26 0.0003
83 0.0003
48 0.0004
89 0.0004
80 0.0016
41 0.0005
24 0.0004
19 0.0004
70 0.0004
127 0.0004
13 0.0008
15 0.0005
40 0.0004
81 0.0004
47 0.0003
22 0.0003
53 0.0004
103 0.0004
90 0.0003
94 0.0003
69 0.0004
96 0.0012
61 0.001
60 0.0005
81 0.0005
41 0.0003
28 0.0005
127 0.0003
81 0.0004
108 0.0004
67 0.0007
68 0.0004
107 0.0004
42 0.0003
74 0.0004
23 0.0004
44 0.0003
70 0.0004
25 0.0004
7 0.0004
104 0.0004
93 0.0012
45 0.0008
31 0.0007
121 0.0007
149 0.0013
14 0.0005
36 0.0004
24 0.0003
81 0.0003
72 0.0004
60 0.0009
49 0.0005
45 0.0004
144 0.0007
50 0.0004
70 0.0004
79 0.0003
88 0.0003
62 0.0008
73 0.0004
40 0.0005
33 0.0004
39 0.0004
58 0.0005
26 0.0004
65 0.0004
44 0.0004
42 0.0004
21 0.0004
60 0.0004
45 0.0008
33 0.0008
55 0.0008
90 0.0004
57 0.0004
23 0.0003
30 0.0004
107 0.0003
24 0.0004
30 0.0008
94 0.0005
72 0.0004
12 0.0003
33 0.0004
18 0.0004
50 0.0004
78 0.0004
77 0.0004
54 0.0004
28 0.0003
82 0.0004
23 0.0009
21 0.0014
35 0.0005
91 0.0004
69 0.0003
31 0.0003
21 0.0004
87 0.0003
41 0.0005
23 0.0003
73 0.0008
88 0.0005
16 0.0004
18 0.0004
23 0.0003
44 0.0005
80 0.0004
31 0.0006
95 0.0014
61 0.001
50 0.0036
58 0.0008
72 0.0004
46 0.0004
41 0.0004
103 0.0003
56 0.0004
58 0.0004
105 0.0003
58 0.0003
