18 0.4686
32 0.1823
26 0.0248
10 0.0238
61 0.1591
26 0.0976
14 0.0491
35 0.4516
81 0.9378
23 0.3752
93 0.062
28 0.222
36 0.5419
41 0.1686
44 0.224
26 0.137
50 0.1171
10 0.0776
16 0.0921
34 0.0713
30 0.2204
42 0.2313
32 0.1858
34 0.2874
66 0.1133
107 0.3466
45 0.7612
37 0.1243
59 0.4176
33 0.1611
46 0.5267
29 0.2971
16 0.1836
29 0.2545
23 0.1445
13 0.1005
36 0.3347
55 0.0641
34 0.4745
28 1.0005
29 0.182
56 0.149
61 0.1438
46 0.4675
45 0.3121
60 0.347
71 0.2714
62 0.3789
57 0.3166
31 0.1057
29 0.0949
31 0.1363
49 0.1255
11 0.0532
28 0.4459
17 0.0516
11 0.0162
36 0.0569
69 0.8088
36 0.2414
28 0.381
46 0.0956
22 0.1938
38 0.1515
33 0.336
29 0.563
18 0.152
31 0.59
30 0.1186
38 0.12
12 0.0534
20 0.111
14 0.1546
62 0.1315
29 0.3197
36 0.1416
39 0.1875
75 0.126
62 0.5676
60 0.2467
30 0.0664
21 0.126
77 0.3574
20 0.2033
10 0.0643
37 0.4538
12 0.0898
14 0.0778
29 0.1494
53 0.0209
38 0.2631
50 0.7193
83 0.2293
33 0.0952
72 0.2543
56 0.073
31 0.1062
19 0.1528
41 0.4432
34 0.1444
27 0.2278
50 0.2025
24 0.0309
31 0.5066
22 0.2862
22 0.1036
37 0.3443
49 0.1576
43 0.3378
63 0.3288
35 0.6988
14 0.201
21 0.1396
34 0.1689
76 0.1424
68 0.4552
11 0.0754
29 0.2246
67 0.0742
22 0.149
29 0.964
9 0.0409
64 0.2031
12 0.1554
72 0.3469
58 1.3553
46 0.4467
18 0.2434
12 0.0832
12 0.0741
32 0.0725
26 0.2798
35 0.2646
39 0.1159
65 0.453
74 0.7994
18 0.1194
30 0.1225
23 0.1662
50 0.5675
33 0.0937
14 0.0958
31 0.3141
33 0.292
67 0.1536
58 0.2297
29 0.1287
48 0.2315
9 0.0472
28 0.5498
37 0.2646
33 0.1088
24 0.311
76 0.2494
30 0.582
23 0.0632
10 0.0572
8 0.0157
28 0.479
72 0.314
94 0.4289
15 0.0167
54 0.3663
20 0.2374
49 0.44
27 0.1735
44 0.2087
13 0.0938
34 0.0664
90 0.3195
18 0.1025
36 0.5374
14 0.0913
37 0.0624
57 0.2521
34 0.3043
15 0.2384
21 0.1432
26 0.1898
15 0.0949
50 0.4913
41 0.098
13 0.0443
52 0.2516
57 0.5531
52 0.1365
28 0.4105
24 0.2398
55 0.5741
44 0.1688
29 0.2862
18 0.167
25 0.3516
34 0.027
41 0.5405
17 0.1272
32 0.1935
13 0.0642
45 0.1867
10 0.0488
37 0.0167
49 0.0572
70 0.3015
19 0.1948
12 0.0618
15 0.0601
61 0.0872
25 0.4499
49 0.1067
96 0.3406
30 0.1562
12 0.0903
18 0.1852
38 0.5034
23 0.3818
52 0.1772
82 0.272
80 0.1422
62 0.0333
30 0.2205
27 0.3488
39 0.3728
22 0.0893
20 0.0797
37 0.1571
8 0.0214
19 0.1274
40 0.0737
31 0.4094
20 0.1071
33 0.309
58 0.1717
40 0.0961
19 0.0628
20 0.0284
59 0.829
30 0.118
71 1.3421
20 0.6759
49 0.0701
11 0.0124
40 0.9569
15 0.4487
24 0.9823
71 0.4606
26 0.6433
78 0.4632
22 0.2262
18 0.1858
33 0.2476
40 0.0887
57 0.3733
81 0.2568
33 0.9586
68 0.3453
95 0.2761
57 1.2057
18 0.0227
25 0.8
20 0.6316
28 0.2354
28 0.4526
55 0.5583
63 0.2262
10 0.0416
42 0.1823
9 0.0609
16 0.16
42 0.3225
57 0.4568
43 0.0825
47 0.0383
11 0.0892
22 0.1676
22 0.1422
41 0.0711
31 0.0864
22 0.339
47 0.2736
28 0.3244
12 0.1138
49 0.1056
27 0.0581
68 0.4495
129 0.2575
41 0.2472
33 0.079
21 0.1901
51 0.3109
56 0.5047
18 0.0908
31 0.0355
22 0.2485
19 0.1842
78 0.3023
30 0.1817
26 0.3004
14 0.1656
15 0.1243
26 0.1569
21 0.173
27 0.1153
75 0.2994
32 0.0937
43 0.2101
46 0.0878
15 0.126
37 0.2633
18 0.1601
26 0.3734
12 0.0526
24 0.0359
45 0.0863
20 0.0405
17 0.1208
44 0.0416
28 0.1721
13 0.122
75 0.3674
54 0.136
33 0.0911
45 0.0452
22 0.2746
23 0.1201
19 0.2139
61 0.124
57 0.1954
22 0.3069
44 0.0256
8 0.0463
22 0.129
46 0.0799
15 0.2492
18 0.0547
66 0.2963
41 0.2176
20 0.0514
84 0.0934
43 0.3378
29 0.2834
16 0.1965
34 0.4785
44 0.6767
15 0.1335
27 0.1563
49 0.4736
26 0.1976
28 0.3457
47 0.0426
74 0.1771
43 0.6729
46 0.124
33 0.3725
27 0.4083
125 0.1767
19 0.2132
23 0.064
18 0.1403
55 0.0823
17 0.0654
106 0.2645
57 0.2682
40 0.1875
17 0.1723
12 0.1144
93 0.1112
78 0.3587
60 0.0898
20 0.2927
32 0.3066
24 0.1086
65 0.0788
89 0.465
40 0.5121
55 0.1753
12 0.0271
83 0.1856
22 0.2249
11 0.0693
80 0.5074
37 0.3176
22 0.0928
60 0.48
91 0.0399
50 0.146
23 0.3259
16 0.0504
71 0.2375
32 0.1783
85 0.0504
19 0.1914
39 0.127
26 0.0302
14 0.0497
19 0.2055
23 0.3411
28 0.2526
33 0.2503
7 0.0276
27 0.4802
10 0.0867
94 0.3399
54 0.0266
19 0.1828
74 0.4827
25 0.2053
80 0.1914
99 0.0862
28 0.2731
25 0.052
14 0.0486
32 0.4795
30 0.5441
23 0.3579
39 0.4083
34 0.1442
33 0.5849
19 0.4548
16 0.1851
50 0.2733
85 0.063
15 0.0745
36 0.1
14 0.1142
74 0.0274
31 0.3871
10 0.0178
17 0.1646
34 0.0665
32 0.2914
46 0.4198
21 0.0904
7 0.018
39 0.125
24 0.4009
29 0.2358
63 0.1072
25 0.3305
28 0.1887
46 0.2055
61 0.1454
19 0.1139
11 0.0951
65 0.1137
57 0.0693
14 0.0146
59 0.1121
39 0.6934
55 0.1845
20 0.1861
25 0.2672
65 0.1389
29 0.1345
19 0.3269
43 0.0735
45 0.1259
47 0.1459
51 0.4817
34 0.5722
44 0.8101
23 0.1834
17 0.1411
33 0.2341
25 0.4101
49 0.3936
81 0.0596
22 0.1173
75 0.0858
19 0.1049
32 0.3112
20 0.2467
12 0.0264
23 0.3047
34 0.2021
16 0.0918
27 0.105
10 0.0672
99 0.3509
32 0.3825
25 0.2315
23 0.1357
84 0.6195
49 0.0873
13 0.0746
32 0.5073
25 0.3021
26 0.1241
34 0.1428
28 0.2025
32 0.2042
52 0.1383
16 0.0336
29 0.2927
19 0.0407
35 0.1042
24 0.1497
103 0.2316
60 0.0647
30 0.3432
22 0.2332
19 0.1203
60 0.3187
36 0.1164
24 0.2639
54 0.1035
33 0.4279
29 0.2413
65 0.1183
14 0.1299
50 0.079
31 0.4413
32 0.6694
47 0.7674
33 0.5039
50 0.2683
40 0.4762
137 0.2912
27 0.3156
19 0.1032
63 0.3912
28 0.0613
20 0.0563
5 0.0102
21 0.0443
65 0.0116
19 0.0584
24 0.1853
99 0.0458
31 0.4071
24 0.2784
48 0.0095
19 0.0713
23 0.3171
68 0.156
15 0.1119
55 0.0405
9 0.0927
21 0.2503
19 0.1214
63 0.3549
74 0.1122
64 0.8137
43 0.8563
14 0.1077
41 0.2825
12 0.0646
38 0.1729
20 0.1853
36 0.9594
24 0.6031
31 0.1756
43 0.2039
54 0.1124
66 0.1911
41 0.269
49 0.1595
23 0.2136
27 0.0637
27 0.1474
25 0.5149
46 0.1084
30 0.3295
22 0.4085
20 0.0546
16 0.1718
36 0.4267
24 0.1262
25 0.1911
57 0.1894
17 0.1193
91 0.0359
31 0.0439
29 0.0354
38 0.698
57 0.0952
15 0.139
20 0.1203
37 0.5312
25 0.4538
19 0.2156
65 0.4613
48 0.1014
23 0.3338
40 0.1666
36 0.5101
33 0.05
25 0.0994
96 0.3087
62 0.4807
26 0.1613
18 0.1061
43 0.2197
37 0.177
13 0.1015
17 0.1375
23 0.0792
46 0.2787
32 0.3806
48 0.0354
49 0.1124
19 0.1515
27 0.2037
12 0.079
51 0.3266
19 0.1289
55 0.3786
60 0.2045
50 0.6203
26 0.1212
17 0.1067
89 0.1123
70 0.2241
28 0.5412
11 0.0611
23 0.0881
68 0.0459
54 0.1287
21 0.153
16 0.1689
30 0.498
52 0.1591
32 0.2524
36 0.4821
19 0.3049
98 0.022
28 0.4746
111 0.3213
23 0.376
23 0.1908
96 0.3719
39 0.2235
54 0.0857
23 0.0203
45 0.2648
21 0.3261
29 0.1442
118 0.3192
55 0.2717
30 0.327
35 0.0781
65 0.1049
38 0.8245
75 0.1047
23 0.3952
24 0.2947
76 0.2502
35 0.0615
141 0.2693
36 0.1013
63 0.2449
40 0.1732
95 0.2695
64 0.0928
33 0.2479
40 0.1542
74 0.0907
20 0.2298
27 0.3029
25 0.0148
24 0.3019
27 0.4449
44 0.7783
40 0.185
19 0.2333
97 0.146
45 0.7414
41 0.1074
40 0.2173
25 0.1849
46 0.2309
25 0.4857
62 0.4967
27 0.3714
58 0.3733
17 0.127
32 0.543
26 0.2031
35 0.0783
25 0.2075
21 0.1338
32 0.115
21 0.2518
34 0.1086
18 0.0598
25 0.4168
30 0.2637
16 0.0648
36 0.0651
25 0.1881
22 0.2282
16 0.1027
11 0.0651
14 0.1356
24 0.0854
45 0.1269
27 0.3958
12 0.1107
81 0.0783
17 0.124
15 0.0494
40 0.3082
55 0.3091
31 0.1221
41 0.0414
71 0.1628
41 0.698
77 0.1328
21 0.1782
12 0.0917
49 0.2579
21 0.3706
49 0.2587
32 0.2976
14 0.0357
29 0.0773
27 0.1951
49 0.4405
65 0.1383
71 0.3079
10 0.0291
37 0.172
15 0.123
21 0.2453
35 0.1557
24 0.3036
52 0.209
33 0.3868
44 0.2107
17 0.1417
17 0.2885
36 0.1304
41 0.2561
90 0.1913
76 0.2963
15 0.1412
42 0.0726
58 0.3705
43 0.1238
31 0.2269
15 0.065
31 0.0704
19 0.1471
52 1.0686
21 0.2586
42 0.0592
16 0.1328
73 0.354
39 0.2568
35 0.0223
32 0.2166
34 0.0371
54 0.4801
20 0.2978
99 0.2775
20 0.1345
41 0.3735
53 0.1925
29 0.1416
50 0.1691
17 0.1278
38 0.1101
13 0.0355
20 0.0424
70 0.8189
96 0.0614
79 0.214
28 0.0745
45 0.096
113 0.25
20 0.1939
17 0.1232
17 0.0591
40 0.4403
25 0.3972
26 0.1825
35 0.8298
16 0.0631
49 0.0587
30 0.1478
47 0.1264
78 0.0931
124 0.1713
28 0.034
65 0.2036
26 0.2929
19 0.1852
21 0.3221
76 0.146
48 0.2889
50 0.1329
32 0.2501
83 0.0856
41 0.6982
26 0.1352
70 0.6356
79 0.2451
20 0.2153
57 0.2055
33 0.1199
88 0.0971
76 0.5944
39 0.5499
22 0.1024
14 0.2185
16 0.1796
29 0.1632
33 0.1015
24 0.294
25 0.0058
8 0.0238
41 0.9435
25 0.708
50 0.3561
21 0.2964
23 0.1441
36 0.6052
14 0.1189
10 0.0746
17 0.1809
17 0.0957
26 0.176
17 0.2147
16 0.1674
71 1.3827
23 0.3669
26 0.1405
40 0.0363
32 0.1194
30 0.1427
73 0.792
73 0.4054
28 0.2424
23 0.0297
10 0.08
17 0.2742
76 0.3496
42 0.1439
61 0.0579
19 0.0147
43 0.0981
68 0.3656
49 0.124
16 0.1465
53 0.3411
64 0.3358
15 0.3
35 1.2715
32 0.2133
27 0.3176
44 0.2416
17 0.2064
49 0.7468
28 0.8906
75 1.1107
32 0.376
44 0.0781
33 0.4124
27 0.1721
23 0.159
50 0.9908
33 0.7641
36 1.4775
20 0.0218
29 0.6344
18 0.0893
27 0.2861
28 0.1437
59 0.0732
83 0.24
75 0.1452
17 0.1651
24 0.152
32 0.534
40 0.121
52 0.1523
53 0.0639
37 0.2772
67 0.3024
23 0.1148
9 0.0281
35 0.1102
20 0.2839
29 0.3588
23 0.1764
9 0.064
85 0.0726
21 0.0832
53 0.2139
47 0.3625
29 0.0257
65 0.8764
37 0.1218
21 0.2467
15 0.1585
40 0.1611
16 0.0798
28 0.0961
100 0.042
32 0.0558
24 0.1673
14 0.0579
20 0.2592
18 0.179
20 0.212
73 0.1582
24 0.2864
53 0.166
15 0.1458
70 0.1516
37 0.1394
18 0.1605
37 0.0316
54 0.1682
27 0.1405
15 0.1596
23 0.0171
44 0.0142
51 0.332
37 0.0495
52 0.35
48 0.8393
104 0.4444
51 0.358
30 0.8546
42 0.5566
15 0.3492
37 0.7277
29 0.4891
27 0.1993
19 0.253
28 0.4484
16 0.1262
23 0.368
20 0.0609
22 0.2575
27 0.5325
48 0.2287
51 0.7095
37 0.1134
39 0.5583
38 0.9248
26 0.2319
14 0.0884
36 0.0808
58 0.1349
32 0.2085
71 0.1188
9 0.0293
48 0.1631
68 0.2557
22 0.3107
15 0.1858
104 0.0868
65 0.1738
58 0.0514
31 0.5386
20 0.1089
30 0.1626
35 0.3414
23 0.2743
27 0.3302
19 0.1776
26 0.2703
57 0.1392
43 0.2943
41 0.2181
7 0.0404
60 0.5594
4 0.0171
41 0.391
25 0.0786
50 0.3549
24 0.5673
37 0.4174
24 0.2575
40 0.222
99 0.2201
36 0.5681
21 0.2956
65 0.2932
51 0.1209
30 0.3161
18 0.0468
29 0.6398
18 0.1158
50 1.1923
22 0.0359
57 0.1244
22 0.2823
17 0.1473
94 0.506
27 0.3591
31 0.3714
35 0.1938
12 0.0855
32 0.1029
26 0.1927
21 0.0956
23 0.1918
22 0.1215
36 0.3496
10 0.0516
83 0.1918
64 0.1926
60 0.0717
17 0.0453
34 0.2511
29 0.27
54 0.1486
5 0.049
56 0.2043
38 0.1468
66 0.1208
18 0.0683
31 0.4296
7 0.024
21 0.0672
49 0.1703
38 0.3849
17 0.1865
30 0.2365
62 0.2655
20 0.2138
48 0.4053
98 0.32
25 0.0796
34 0.0702
30 0.4748
39 0.4673
45 0.8639
41 1.1987
59 0.1728
29 0.1883
44 0.0967
46 0.0671
39 0.981
35 0.0951
29 0.3473
27 0.3522
23 0.199
56 0.1055
25 0.0813
48 0.6123
36 0.6356
32 0.3474
11 0.0519
34 0.0501
37 0.7478
70 0.1217
48 0.3821
32 0.2048
27 0.3207
19 0.1727
93 0.4158
85 0.1676
31 0.1913
28 0.2423
26 0.3389
35 0.8521
75 0.0854
32 0.0609
113 0.424
59 0.2632
27 0.392
17 0.094
22 0.2075
26 0.2178
22 0.2941
63 0.1809
42 0.1197
18 0.0472
39 0.3067
11 0.0565
30 0.5462
36 0.3484
22 0.0442
19 0.1778
36 0.5408
54 0.3594
17 0.1397
33 0.0766
46 0.5841
24 0.0253
27 0.2441
53 0.3848
65 0.1216
26 0.5081
58 0.3989
26 0.0496
23 0.7028
13 0.3419
26 0.1701
41 0.4793
57 0.1988
42 0.1124
66 1.0033
28 1.442
49 0.703
28 0.6152
33 1.0705
31 0.6788
43 0.3397
64 0.5992
86 0.3403
20 0.325
31 0.0863
56 0.2602
19 0.3621
68 0.3695
42 0.0964
17 0.2972
60 1.4327
46 0.4246
23 0.3769
33 0.7108
28 0.5769
47 0.2267
42 0.52
12 0.1225
37 1.2024
12 0.1293
16 0.1591
28 0.44
19 0.2463
45 0.9165
36 0.3679
33 0.6531
26 0.7431
34 0.1743
51 0.208
31 1.3632
21 0.4297
66 0.706
35 0.3704
26 0.5032
17 0.0658
56 0.1018
72 0.2217
49 0.332
35 0.1106
33 0.0731
40 0.6552
52 0.1307
32 0.2268
22 0.249
30 0.1812
40 0.8994
120 1.1996
37 0.952
20 0.1397
22 0.1842
132 1.4014
53 0.2552
19 0.5305
47 0.1686
32 0.2092
59 0.4704
18 0.166
35 0.0627
13 0.066
25 0.7395
48 0.4236
21 0.29
86 0.425
56 0.6193
61 0.2081
21 0.2503
14 0.3428
18 0.0633
22 0.3531
28 0.5283
20 0.1343
43 0.3065
24 0.1009
31 1.0504
19 0.5575
32 0.3383
30 0.3504
21 0.1983
26 0.433
33 0.3989
13 0.2173
29 0.2666
70 1.1003
96 0.1884
19 0.2759
21 0.3882
24 0.5309
54 0.4389
55 0.3827
17 0.3436
20 0.3295
4 0.037
23 0.3282
28 0.3812
70 0.5828
44 0.1452
34 1.1838
29 0.5033
36 0.3273
62 0.2967
43 0.7481
24 0.2349
26 0.222
25 0.6115
30 0.7044
46 0.86
23 0.1
52 0.897
51 0.1728
59 0.1933
51 0.4941
23 0.216
41 0.2381
64 0.1357
72 0.4629
88 0.5499
24 0.5154
23 0.1925
24 0.5021
43 0.3381
29 0.4548
28 0.6652
31 0.6788
33 0.2568
77 0.4822
78 0.3998
59 0.1871
40 0.0256
19 0.0321
26 0.5881
7 0.1611
22 0.2785
19 0.3656
95 0.2069
58 0.6439
56 0.4144
18 0.2186
26 0.2179
25 0.8625
7 0.126
53 1.6246
34 0.8394
84 0.6092
21 0.5339
14 0.302
32 0.3528
79 0.1107
20 0.3261
22 0.4539
27 0.1265
67 0.4782
35 0.2694
13 0.1427
20 0.517
21 0.4336
48 0.4064
21 0.389
22 0.238
33 0.9845
38 0.4536
34 0.5285
28 0.1961
46 0.2031
15 0.4154
29 0.9347
55 0.3306
48 0.5024
24 0.5745
47 0.7032
107 0.1882
24 0.651
19 0.6706
44 0.2053
45 0.2149
43 0.1223
23 0.1897
26 1.0114
88 0.4499
23 0.3417
24 0.8304
24 0.3051
72 0.2172
40 1.3692
96 0.4869
19 0.7584
59 0.3042
12 0.1391
27 0.6852
27 0.528
48 0.0593
25 0.5645
36 0.6276
62 1.0858
79 1.5034
37 0.1338
47 1.1245
39 0.7332
34 0.897
23 1.0278
42 0.4631
27 0.3133
57 1.918
20 0.5187
49 0.3994
63 3.0502
19 0.2739
22 0.7405
23 0.793
42 0.2037
17 0.2919
20 0.4789
35 0.2285
49 0.3826
24 0.4867
19 0.3779
22 0.2307
35 0.122
16 0.3696
34 0.1691
31 0.2539
19 0.332
15 0.2338
43 0.3934
89 1.2283
8 0.0425
20 0.2179
15 0.1203
84 0.1064
36 0.9485
37 0.2141
9 0.052
60 0.5292
36 0.4236
32 0.6391
21 0.201
40 0.0811
25 0.4287
65 0.2201
44 0.7073
27 0.5905
96 0.8769
44 0.739
19 0.2847
28 1.2256
75 0.2673
37 0.2706
19 0.0712
33 0.0956
112 0.5651
48 1.0239
31 1.0368
15 0.2962
43 0.3148
63 0.3068
20 0.2141
68 0.3912
47 0.465
91 0.2711
24 0.3046
39 0.2271
18 0.2304
20 0.5445
33 0.4857
50 0.3222
53 0.1277
25 0.4384
56 0.357
20 0.6398
27 0.9538
17 0.4673
33 0.5854
13 0.2543
25 0.2308
63 0.5505
24 0.6734
39 0.4177
44 0.6761
19 0.6412
42 0.3199
47 1.604
17 0.1061
44 0.8065
37 0.3451
80 0.8904
89 0.347
29 0.3957
27 0.4949
10 0.2091
51 0.2696
38 0.8783
50 0.6812
95 0.1164
24 0.4557
92 0.4159
22 0.0306
26 0.4829
19 0.5628
27 0.9591
22 0.6948
83 0.3214
39 0.2354
57 0.2648
17 0.3368
27 0.5897
98 1.4619
30 0.7969
20 0.1333
49 0.9456
93 0.9407
42 0.7443
18 0.2958
104 0.7776
13 0.1311
25 0.4863
42 0.3495
16 0.3523
25 0.1817
77 2.2722
30 0.3844
16 0.0818
24 0.3597
27 0.1604
47 0.1687
18 0.4896
23 1.0598
29 0.4715
33 0.8486
20 0.4331
23 0.0471
46 0.695
13 0.0473
20 0.2666
84 0.6676
23 0.7512
85 0.535
70 0.2878
58 0.4142
26 0.4231
17 0.2926
72 0.5663
81 0.4909
19 0.207
43 0.5288
33 0.5018
112 0.279
16 0.2787
14 0.1254
38 0.2576
17 0.4758
29 0.2813
31 0.4167
15 0.0808
16 0.2932
18 0.2329
9 0.1567
35 0.3595
15 0.4069
39 1.8375
63 0.4311
22 0.4397
82 0.3521
14 0.1844
81 0.1778
22 0.5873
43 0.3103
25 0.3668
24 0.8851
31 0.5292
31 1.0104
38 0.6797
26 0.3632
24 0.0519
44 0.7138
18 0.2418
62 0.9275
60 0.8538
22 0.8235
24 0.4441
38 0.6083
30 0.8397
33 0.2568
46 0.2
18 0.4473
43 2.5889
22 0.3105
21 0.7085
72 0.6131
79 1.3825
12 0.0993
45 0.7864
17 0.0732
14 0.3092
28 0.7232
28 0.0642
66 0.5695
58 0.664
68 0.3478
25 0.6374
25 0.1546
24 0.624
41 0.3888
35 0.2192
22 0.6758
39 0.2153
30 0.1715
42 0.4844
42 0.2517
22 0.3549
41 1.328
56 0.7214
16 0.2153
4 0.034
46 0.4441
14 0.2745
13 0.2542
59 0.6273
31 0.1543
54 0.0341
23 0.1769
31 0.0317
32 0.371
19 0.0381
39 0.6112
40 0.2651
60 0.4366
25 0.1936
28 0.2974
65 0.2606
25 0.2285
11 0.2522
34 0.6225
26 0.2372
53 0.1845
60 0.7717
21 0.7499
28 0.6556
13 0.1057
19 0.2169
29 0.172
29 0.891
62 1.0125
58 0.2548
65 0.5897
36 0.2859
28 0.228
64 0.863
49 0.2569
28 0.2212
95 0.6271
40 0.279
118 0.1851
15 0.1116
22 0.2741
135 0.2841
47 0.5573
62 0.4678
24 0.2679
43 0.0705
78 0.1819
15 0.0541
12 0.0882
50 0.6063
16 0.1085
20 0.0697
31 0.2718
17 0.1397
31 0.2754
22 0.158
58 0.0414
104 0.1798
30 0.7735
59 0.1376
25 0.1295
20 0.4798
24 0.2532
56 0.1544
24 0.1473
40 0.269
18 0.1387
61 0.2279
37 0.6766
65 0.4878
35 0.6903
42 0.5945
92 0.1895
22 0.2798
15 0.0873
33 0.175
41 0.1704
104 0.0908
32 0.3244
9 0.0449
66 0.4989
42 0.4487
15 0.1339
17 0.303
20 0.0461
99 0.136
16 0.2148
35 0.2074
15 0.1146
124 0.7863
29 0.2068
20 0.2711
29 0.2632
48 0.2661
16 0.0861
25 0.6239
38 0.1749
20 0.0559
53 0.0848
27 0.5132
34 0.1225
76 0.1261
63 0.4307
41 0.1736
43 0.0891
79 0.1642
13 0.1197
47 0.481
79 0.2448
38 0.0902
24 0.1678
51 0.1711
41 0.1541
29 0.3899
52 1.5048
25 1.0095
29 0.934
25 0.9567
17 0.2487
25 0.3073
20 0.4499
27 0.6903
34 0.0706
63 0.6593
28 0.1605
56 0.9896
19 0.1361
40 0.0892
37 0.1053
70 0.1595
8 0.0385
26 0.1869
45 0.3019
38 0.3204
21 0.0358
36 0.594
20 0.3254
27 0.0899
72 0.0344
42 0.1354
38 0.6984
33 0.5561
60 0.1747
61 0.4077
46 0.2193
35 0.6263
49 0.3171
19 0.2373
33 0.9994
30 0.5822
23 0.0415
31 0.1413
43 1.0821
29 1.0079
26 0.5117
86 0.1571
41 0.1486
22 0.034
31 0.2075
63 0.5139
61 0.4117
28 0.365
16 0.3127
17 0.2057
39 0.4041
63 1.1738
37 1.4862
23 0.036
45 0.4666
13 0.2246
29 0.5614
44 0.2943
79 0.0793
5 0.0249
14 0.2571
22 0.1299
11 0.0081
26 0.6501
66 1.5531
19 0.2378
25 0.2231
71 0.6601
18 0.2214
14 0.2523
40 0.4099
29 0.0366
62 0.0488
38 0.646
32 0.3948
52 1.8351
79 0.4991
72 0.2911
39 0.2078
16 0.2204
40 0.4986
32 0.3817
23 0.3884
38 0.2925
17 0.2103
53 0.4554
20 0.2243
97 0.054
20 0.5675
25 0.8513
11 0.0486
39 0.2346
57 0.0968
70 0.1975
16 0.1269
23 0.2179
34 0.7132
26 0.954
7 0.0611
47 0.8703
59 0.1061
19 0.0651
33 0.5431
48 0.3042
16 0.0796
96 0.0487
21 0.6068
25 0.0897
51 0.0905
23 0.7773
16 0.2355
42 0.3389
47 0.7385
19 0.3594
22 0.2963
28 0.2706
50 0.0712
26 0.4141
25 0.2527
10 0.153
33 0.1609
44 0.7495
41 0.5397
81 0.0731
22 0.2165
33 0.3988
32 0.9787
17 0.1507
27 0.9457
32 0.4263
13 0.1023
34 0.6625
33 0.6219
21 0.2523
26 0.7793
90 0.6072
77 0.2324
36 0.3164
49 0.2755
29 0.3596
9 0.0339
19 0.194
70 0.1311
16 0.1058
64 0.1161
52 0.2254
21 0.156
42 0.1598
20 0.5309
11 0.1894
30 0.0718
10 0.262
32 0.5122
71 0.1027
20 0.0954
40 0.112
70 0.574
27 0.3966
47 0.35
61 0.9754
48 0.2933
39 0.3015
23 0.1088
29 0.7616
27 0.429
23 0.3398
23 0.5091
56 0.236
23 0.2753
25 0.6839
22 0.4209
25 0.1432
73 0.038
25 0.3992
24 0.215
46 0.4614
103 0.389
25 0.8942
18 0.0827
25 0.5881
94 0.6208
26 0.9466
38 0.8493
44 1.0219
67 0.5031
63 1.652
47 0.16
29 0.8811
49 0.3041
48 0.5966
7 0.0142
11 0.2577
33 0.226
15 0.1446
11 0.0175
13 0.037
51 0.0851
56 0.4122
20 0.4095
66 0.0908
27 0.338
31 0.5309
45 0.1621
31 1.0189
7 0.0881
51 0.4641
57 0.3567
56 0.5789
15 0.1246
16 0.1208
10 0.053
14 0.104
38 0.0678
26 0.2453
30 0.4924
10 0.1173
13 0.1858
55 1.8235
18 0.1001
27 0.8562
39 0.4428
23 1.197
38 0.3853
19 0.3519
64 1.5942
45 1.7695
32 1.4789
27 0.8523
41 2.2281
22 0.2742
35 0.4467
23 0.2986
47 0.7252
8 0.0212
19 0.6559
67 0.6384
22 0.5108
14 0.2213
18 0.223
39 0.478
22 0.2019
28 0.2481
60 0.2907
30 0.2502
43 0.1916
37 0.1433
22 0.2331
29 0.6389
42 0.6621
76 0.6057
23 0.2311
41 0.3228
17 0.439
16 0.4279
21 0.5436
31 0.9247
22 0.8068
24 1.1123
32 1.4999
31 0.1977
27 0.3592
82 0.4319
34 0.0724
29 0.4222
48 0.5035
58 1.1709
28 0.3653
113 0.3537
38 1.1036
20 0.159
39 0.2084
25 0.629
14 0.4166
41 0.3618
26 0.6874
46 0.8478
22 0.4058
14 0.1292
21 0.2022
21 0.0782
74 0.3159
42 0.1787
26 0.454
48 0.2419
55 0.8438
34 0.295
53 1.5036
71 0.1095
51 0.0817
32 0.3339
24 0.0825
77 0.0916
32 0.7956
18 0.3516
56 0.4964
24 0.2525
50 0.0844
35 0.5106
24 0.152
68 0.4748
45 0.1419
15 0.0609
47 3.4064
42 0.3607
15 0.2451
28 0.3605
12 0.0353
16 0.2599
23 0.2122
54 0.6342
32 1.0123
22 0.385
36 2.0779
42 0.2002
101 0.4507
74 0.1811
69 0.7329
43 0.1875
32 0.6807
43 0.2272
53 0.0683
54 0.6812
20 0.2117
10 0.1423
30 0.456
22 0.1633
31 0.2611
24 0.4959
50 0.277
47 0.5957
45 0.1374
16 0.1622
42 0.2977
20 0.2047
34 0.6332
20 0.7411
19 0.2323
121 0.0714
80 0.0869
12 0.0465
23 0.1906
28 0.3636
27 0.2689
23 0.5268
36 1.5481
42 0.9436
35 1.3567
26 0.416
18 0.1592
48 0.7165
33 0.184
60 0.3483
27 0.1787
17 0.0667
18 0.1794
38 0.3755
29 0.296
33 0.1893
36 0.1476
11 0.1109
18 0.1355
17 0.1562
22 0.2343
63 0.1912
11 0.0621
39 0.1613
81 0.3361
36 0.0992
49 0.1065
16 0.2516
71 0.0601
59 0.5231
24 0.2296
23 0.3572
22 0.1538
23 0.1517
103 0.0754
29 0.5418
68 0.3624
46 0.2439
53 0.5272
12 0.1791
30 0.2085
17 0.1606
28 0.3515
18 0.1124
18 0.1736
69 0.6836
18 0.14
70 0.2978
60 0.2946
43 0.7478
29 0.5326
58 0.0336
90 0.0915
71 0.3363
18 0.1056
35 0.4442
31 0.2298
18 0.0807
34 0.3076
34 0.2906
21 0.1368
19 0.1889
108 0.4494
16 0.2062
59 0.1379
19 0.1011
26 0.1863
27 0.5972
15 0.1706
30 0.1843
65 0.1342
26 0.215
42 0.0122
20 0.256
39 0.2232
69 0.2896
34 0.1567
63 0.1935
57 0.2731
