36 42.7762
216 56.6513
90 14.3671
22 33.5486
110 13.9305
33 1.1529
139 27.5431
167 118.432
1 0.7597
228 98.1828
32 1.3562
56 4.0771
212 74.47
18 0.4553
87 42.5581
117 54.9429
15 15.8977
272 69.3185
11 1.7771
33 12.816
178 50.5916
161 33.3183
25 7.2144
107 50.2997
25 12.9406
181 70.1203
48 20.619
157 27.3427
6 27.5267
162 27.9623
155 30.8082
217 45.1238
8 0.0797
28 50.1365
8 45.0237
4 0.1472
65 4.4159
248 47.758
177 20.924
42 23.8352
51 2.7307
265 48.2487
50 2.071
76 4.8008
246 44.8465
35 1.4212
209 36.3619
107 18.6827
246 54.3592
60 19.4892
153 33.0884
75 11.7155
32 111.799
27 0.5737
18 4.5473
105 78.7396
30 0.9475
31 0.8836
19 37.9672
42 1.3298
11 0.2179
4 0.0081
15 6.0126
61 10.8841
38 20.124
93 63.1361
110 34.6024
193 49.3848
119 11.9289
167 20.7286
86 13.9171
25 2.7505
133 8.9179
109 33.8382
37 2.2928
213 41.3765
80 6.5767
79 47.8013
151 46.6934
28 46.6742
99 13.6336
18 0.6152
54 8.3789
111 13.6434
9 2.5663
114 16.5708
260 47.4081
196 26.486
17 4.6886
117 9.4579
71 34.5648
15 0.19
77 7.7317
28 2.6903
84 8.7631
57 20.6993
165 49.5914
45 2.5957
225 31.2036
136 68.54
110 11.7722
1 1.6192
115 10.3888
51 3.9541
187 22.5543
136 10.7622
18 0.6346
187 23.2146
2 0.2836
248 47.5015
70 54.8795
27 2.8262
215 60.2612
175 31.6569
223 41.2692
179 50.6565
234 47.657
30 5.6338
36 3.5613
90 9.6293
28 1.2403
72 25.2147
121 9.2484
90 40.6404
101 33
48 3.2146
68 10.3877
123 27.7498
52 30.7205
58 3.8729
28 1.3721
17 56.4424
1 1.516
129 12.0847
111 25.3937
163 43.4861
42 9.6596
106 8.0774
204 41.3894
52 8.8682
120 49.5282
20 1.3507
10 0.8928
258 48.0707
34 0.6936
24 5.5912
30 8.0037
10 18.7599
94 52.3863
131 43.3949
180 21.6826
165 16.4634
122 21.8798
73 39.8736
231 44.4638
219 42.4673
227 40.4432
13 0.3393
28 1.6869
37 3.2708
1 0.0116
97 4.6346
196 44.0694
186 24.8343
16 2.1391
34 0.7352
71 2.8654
197 26.8208
26 0.524
10 0.3606
2 0.2437
206 64.4097
52 1.6052
51 15.2013
30 1.5779
117 18.6118
2 0.9543
151 36.2566
137 49.8933
201 29.1001
13 0.4033
64 46.3063
115 18.2528
196 53.5963
219 45.8624
248 36.6573
216 64.2522
275 47.1656
57 27.7251
4 95.6453
31 26.4375
69 7.7685
154 19.8762
162 30.8799
17 0.2186
5 2.6701
128 39.1338
82 10.2601
99 74.2422
276 70.2494
26 12.1304
76 5.1667
11 0.3452
171 22.5543
8 34.6855
257 51.1527
134 19.1939
190 38.3637
25 0.4888
166 44.8292
107 17.4375
115 11.6723
22 1.3557
92 29.635
36 4.3589
52 33.6401
33 61.8542
164 27.6519
246 43.6693
127 24.9578
91 5.5829
95 35.5235
16 15.2943
39 6.8277
171 19.4835
72 4.5424
39 1.3661
34 2.3382
85 6.3715
1 0.0042
20 17.3475
45 2.052
9 0.0885
182 66.432
195 65.3478
25 13.8116
28 5.3166
72 13.2085
155 21.0194
94 22.5313
142 17.6362
36 2.8336
153 19.3926
41 10.3935
260 47.2509
129 17.6728
44 3.3942
59 10.1387
15 1.679
34 12.0223
70 4.107
37 12.9017
28 1.3778
41 1.3814
33 7.1869
67 5.5906
12 45.3173
2 9.916
241 39.7433
71 4.543
58 2.1201
35 2.1394
201 57.5599
221 33.752
74 13.1175
197 30.2095
7 59.5505
27 24.9844
151 19.4671
21 1.8765
53 9.6186
1 25.3311
26 1.8666
234 62.2853
168 51.8107
158 22.6796
161 48.2781
17 4.523
108 56.992
64 64.6728
56 41.038
44 2.099
48 4.545
82 25.1295
246 42.3582
175 22.6441
7 1.9873
160 54.2234
242 51.2897
210 58.2189
118 46.7968
169 24.4081
69 50.0033
88 18.1405
39 2.9563
28 0.9956
12 0.3541
19 0.3961
179 61.3095
57 6.5702
111 7.8962
191 22.8107
153 33.0523
23 1.4401
17 45.3838
22 0.6107
77 8.0943
68 30.2496
234 44.6586
53 6.424
46 2.8157
187 57.7504
176 40.9475
77 45.7304
224 48.0461
7 2.1719
154 45.3011
31 4.2142
267 65.6189
26 1.1883
145 37.495
120 19.308
178 22.8676
152 17.136
6 2.7741
96 45.3502
84 9.7344
100 13.4223
218 38.7664
127 12.2721
196 46.4183
52 12.4055
130 15.229
70 5.6971
4 0.1927
3 0.9766
131 26.637
3 0.1879
115 35.6324
56 36.5432
4 0.282
11 5.9773
50 2.7228
197 61.4705
59 26.5017
88 25.2211
66 9.8395
196 45.6302
112 15.3906
219 41.1361
17 1.8225
28 2.5425
81 13.9332
112 7.3575
2 0.029
140 24.4636
5 1.7584
26 4.7045
185 32.6537
295 67.3076
176 42.7207
86 29.8091
197 47.585
73 8.923
21 8.0789
88 30.1387
133 20.629
79 5.2497
98 22.936
160 35.9969
168 27.8102
230 59.4665
52 27.3359
63 3.7489
164 65.9419
20 2.4287
68 13.0373
118 25.5559
16 0.356
105 26.2264
2 0.0116
87 36.7114
51 15.6683
63 34.2438
100 14.0287
149 27.5432
155 26.6033
79 16.9925
70 46.4009
130 35.3598
55 11.513
101 39.5724
12 0.0929
160 41.377
139 41.25
121 27.776
40 1.8703
107 12.2503
139 14.1179
113 35.7945
96 23.9194
33 38.1347
12 42.6725
135 21.1431
156 31.024
229 50.9283
122 26.3069
105 48.5291
99 33.9508
61 10.0201
141 57.7119
235 61.5538
3 0.1816
111 12.8099
29 3.7599
38 33.1348
19 0.4225
161 47.4326
26 5.4319
168 31.5886
7 0.3487
65 52.5911
276 53.1834
162 53.3084
15 14.778
153 49.2426
105 6.284
201 47.0777
41 19.1956
17 11.1098
11 0.7953
8 0.7646
5 0.1653
113 24.5226
165 54.1524
172 20.3823
123 32.9499
91 8.591
26 0.8219
196 90.6079
168 57.7053
221 57.0461
247 36.2184
18 16.2032
55 18.2003
56 10.0468
24 0.4128
38 35.4856
188 33.2306
10 17.4591
175 54.1454
148 56.1297
76 3.8701
198 40.6606
35 2.0956
101 7.3061
276 69.0665
95 32.2541
86 9.555
44 8.7006
41 1.5067
69 7.0589
31 26.153
70 13.9838
23 1.1531
98 6.9075
6 1.5341
153 23.7569
10 0.6002
58 1.6057
45 1.7656
113 10.0009
11 10.3347
34 1.0046
95 27.064
248 42.1251
79 10.7259
72 5.9098
209 35.504
82 27.4621
105 9.1067
57 2.3731
87 16.4062
123 27.7788
134 15.9775
107 8.8003
35 7.8844
71 29.6045
32 1.3422
66 12.2391
57 34.0432
33 1.2974
184 34.6723
29 1.3381
13 58.3259
200 25.3345
221 52.786
7 0.0754
110 35.0598
273 60.0739
29 11.5475
38 12.5556
18 2.7883
267 57.7022
156 23.8294
38 9.9199
119 20.6091
103 27.4491
90 29.7156
133 16.2819
47 17.3916
110 43.8616
28 9.2722
19 0.2101
61 5.9671
104 39.0219
61 6.7767
38 63.7457
187 45.086
99 10.5058
15 13.2479
65 3.9736
77 13.6964
70 4.0346
108 18.3992
116 9.2374
76 6.2652
38 11.4674
64 3.9814
36 2.0545
223 61.7812
7 8.8501
31 2.7639
5 0.43
210 27.4772
160 62.7634
185 32.4736
43 1.39
212 54.5312
56 3.7298
196 58.6585
9 6.5457
22 15.9092
238 49.3018
29 0.8489
67 6.1513
107 27.0097
179 35.2773
9 9.8639
6 29.8249
55 8.0748
59 1.8331
50 2.8337
105 54.6161
114 15.3879
23 0.6517
82 5.5808
35 1.2082
28 1.6242
202 35.5834
3 0.1727
79 5.6146
228 36.5323
108 20.9582
132 16.5806
111 14.9048
110 37.6459
8 56.2619
124 14.7106
311 57.2608
31 7.8403
242 44.6079
231 61.2261
34 7.3298
128 31.7366
154 58.3526
177 50.4993
170 30.4623
82 12.4034
44 1.2851
48 3.6337
113 18.2699
55 3.471
180 39.6899
29 0.9404
148 27.995
58 55.9343
80 14.7361
38 10.8898
8 44.918
16 1.6515
49 1.855
26 4.6872
52 14.1957
103 10.821
5 0.0441
9 0.3025
93 17.7589
25 1.0634
103 6.7881
42 28.2034
47 5.8325
204 42.9685
154 28.4059
4 0.0381
2 0.0965
9 1.3575
74 7.4546
108 19.4208
105 6.3107
247 42.6746
57 45.2329
78 4.7588
89 52.9676
7 1.7101
168 30.5084
194 30.7044
111 12.2981
28 3.1211
65 3.9227
81 15.1332
68 7.8643
220 33.2796
46 42.3333
207 33.8961
222 46.5829
290 55.4997
38 2.1971
22 0.9464
172 29.7511
54 2.85
109 11.55
157 40.313
248 42.4441
39 25.982
42 8.1779
114 12.9531
150 31.8731
7 0.1195
116 43.7154
40 3.2268
145 16.6132
38 1.3718
81 4.0655
226 32.5611
7 0.0999
56 18.1687
49 2.4181
133 30.3579
173 43.6281
45 15.648
1 0.0274
20 3.2382
23 0.8166
66 10.4367
123 46.5491
104 42.1061
143 43.5509
56 5.3161
130 13.0546
25 9.8693
114 10.8966
136 12.0988
82 7.242
207 27.3693
8 0.22
106 20.188
10 0.4049
200 58.7777
130 16.9019
49 3.5258
255 49.9463
88 18.2645
211 53.5473
72 5.0728
172 35.1648
194 29.463
95 41.2569
125 18.1925
5 2.481
127 24.0276
9 0.846
67 4.4625
199 42.8135
201 31.0891
49 35.1515
5 0.0149
3 1.2279
60 9.3783
93 11.575
186 60.327
30 1.3457
14 12.4372
8 6.225
97 15.262
187 37.1074
46 8.1702
61 16.9876
163 48.6275
26 30.1124
149 17.1227
17 0.1425
82 7.9585
32 7.2184
226 63.6353
78 59.4234
124 12.7264
173 21.8626
138 50.9101
19 0.7315
82 8.0791
14 3.3584
4 0.0105
110 26.1372
25 7.5819
79 21.0389
19 9.4494
121 10.5235
2 0.0062
125 52.3408
72 12.9501
63 13.9957
5 0.1284
85 5.9115
88 10.1718
16 0.2159
19 0.5576
239 57.8637
114 10.719
152 28.4035
25 6.1164
28 17.259
37 1.1028
65 36.9166
19 21.3731
220 51.7251
119 69.8864
41 0.962
79 3.3402
74 11.9559
140 31.0505
24 0.6678
173 49.3104
78 40.3268
78 17.9818
135 14.263
77 19.4332
37 2.9231
38 28.882
25 4.7268
175 37.2254
16 0.6412
49 2.1161
115 13.6773
68 15.7804
114 8.9822
74 7.564
68 48.7834
117 14.882
84 8.3399
29 3.6399
85 11.8442
156 27.3538
30 0.8296
60 7.5975
75 67.0484
16 6.8309
192 52.1497
30 0.6515
253 45.0736
17 0.9239
77 47.0027
5 6.3115
52 2.3467
41 18.9597
45 10.9251
3 0.0107
24 7.7379
26 2.3339
208 42.6916
187 39.0352
104 22.5904
136 30.1248
32 46.5979
143 58.6808
2 18.2678
23 1.0006
181 27.9769
243 51.2936
1 2.9289
37 3.2816
41 2.071
199 32.4264
59 15.897
79 30.2689
91 34.4593
239 42.8179
24 51.401
3 0.0299
29 42.2709
4 0.3982
50 68.643
2 0.0151
206 36.2602
15 0.2108
20 9.8451
188 33.6719
168 48.577
185 57.6774
10 0.4792
83 80.1034
56 70.0023
31 12.0096
13 0.0979
267 62.2466
55 2.33
186 19.0535
276 61.8212
97 37.4004
69 37.3593
101 43.7899
42 13.5872
20 1.0624
38 2.0555
36 1.0345
176 28.7278
31 5.6143
64 4.0893
12 58.2235
34 4.1069
149 23.151
131 21.1909
33 10.2656
4 0.107
228 35.266
34 1.6641
152 14.9795
58 58.1315
93 37.8157
248 73.2278
69 7.6467
146 21.7919
22 6.2734
35 5.4822
211 42.7364
4 8.0327
94 48.1576
19 19.4128
39 9.6429
148 42.9886
57 3.664
19 0.4914
44 3.3111
128 20.6606
38 21.3093
108 19.9101
7 4.0559
92 3.6875
5 0.0748
114 9.9848
199 34.0004
12 1.1507
4 0.1747
212 50.5379
12 0.3462
27 4.0911
17 1.3696
37 1.087
211 35.8983
28 31.694
117 11.0042
244 47.4469
7 0.0499
37 3.3392
32 5.275
46 3.8272
29 0.881
3 9.461
155 60.464
3 3.1832
22 0.5769
74 5.426
263 46.773
273 48.2081
123 15.1079
5 11.2259
59 27.9141
22 0.9613
57 30.1889
294 55.3157
114 66.9623
173 38.6775
67 7.2859
43 3.1247
198 30.8891
15 3.3539
181 38.9629
19 0.5465
10 46.0383
100 37.5289
70 12.0596
20 1.6317
25 46.5128
8 1.9479
180 33.9077
139 14.6242
65 5.4178
10 11.6274
129 21.6805
36 16.1385
101 55.9404
98 36.3759
23 2.5265
25 1.2242
35 1.2044
66 14.6678
25 3.1681
14 19.0408
3 2.736
157 37.4628
129 57.3293
218 51.5034
299 61.8111
41 5.4322
129 13.428
87 12.1378
2 0.0239
33 8.0042
50 5.9345
37 2.4064
59 10.6387
12 1.1946
61 5.3142
88 39.0487
46 12.739
11 0.0933
104 7.0512
194 44.2514
113 10.3072
41 8.4768
5 21.1062
153 17.2708
156 37.9348
55 46.0416
67 30.4007
72 23.2685
163 50.5726
15 1.6691
174 46.6373
140 26.0341
143 12.1436
53 24.6482
15 9.7789
194 78.905
174 18.7044
140 79.4662
76 54.6458
11 0.2186
106 6.846
7 0.2574
99 17.2045
45 20.6788
118 55.029
25 2.1352
34 11.1716
6 7.1279
60 5.6361
90 10.6749
269 52.5384
127 13.6116
60 53.1736
26 1.0516
127 22.3096
73 62.2859
3 0.9351
4 0.0136
35 2.3052
12 50.6326
46 4.5508
13 0.4415
177 21.5589
14 34.3463
132 12.3614
94 11.8446
137 60.0494
143 27.891
97 44.642
9 0.1532
106 19.5941
111 42.5097
65 18.223
70 9.375
245 41.1515
38 4.1382
6 59.7769
102 87.0746
184 37.4619
272 60.9566
85 35.2322
33 1.1172
208 34.0603
2 1.9007
27 1.2036
6 5.8445
245 65.9645
6 12.1167
20 10.2241
105 37.214
63 45.2674
51 38.6892
90 13.333
4 0.2213
16 0.9122
31 0.6696
3 0.0581
32 3.5459
60 47.0447
127 15.1939
4 37.2689
18 8.2545
62 17.8672
32 6.0555
88 7.7799
197 34.3619
84 9.6033
161 20.9233
65 3.2765
98 8.3819
38 3.5799
39 1.3734
21 66.8816
110 13.6442
42 9.4634
89 28.4589
31 2.0764
8 3.3796
101 16.5965
117 24.2618
7 0.0384
152 38.6134
62 15.5516
41 2.8606
44 11.2471
257 52.2592
27 0.9685
199 37.4852
100 22.9858
181 60.0065
103 8.7174
71 5.4051
141 27.2553
114 40.673
101 9.0985
123 26.1355
196 40.6457
93 21.2839
4 0.0279
95 7.0653
6 0.3865
192 27.1519
117 11.5311
33 5.9271
115 20.4371
54 4.4771
4 0.1853
157 23.1809
71 6.7199
214 35.4501
33 14.9899
181 24.2795
18 0.7223
87 55.3098
22 1.6248
32 1.1982
70 19.0558
267 54.5022
8 1.8707
85 9.4798
1 0.7548
193 47.9443
170 18.8235
148 35.3727
44 9.877
210 37.8113
76 5.3329
149 18.5788
3 0.627
209 56.2339
6 2.0795
259 52.1441
4 0.0215
80 24.1006
68 43.4118
92 29.6206
198 49.2273
14 1.8632
27 5.9457
45 1.6666
93 54.0081
14 2.6769
38 1.5689
111 24.6546
221 56.3612
29 1.2821
194 35.0293
5 81.6113
230 44.8466
41 52.8985
60 2.8342
19 1.7382
25 1.9954
1 0.0141
40 1.3804
18 2.6052
133 33.8739
1 0.008
70 39.6539
38 61.5433
56 4.2685
76 30.0473
151 12.7806
71 8.544
94 11.8668
54 13.572
87 16.1561
17 42.8524
1 0.0196
247 45.0676
43 23.5579
105 26.0072
141 27.6384
242 68.5915
257 51.9814
2 0.0135
14 0.1724
73 10.4071
70 3.2996
243 36.1977
178 22.88
40 2.1269
21 2.7559
125 14.3508
71 8.7935
269 47.3787
15 1.3006
67 23.9097
157 34.978
215 47.2865
4 0.0172
6 63.7445
45 2.7966
51 56.3861
281 60.0252
18 22.6054
139 59.2161
121 56.0734
54 6.7702
112 9.731
13 2.4155
52 34.6007
41 42.414
96 11.0335
9 0.4246
103 39.9783
158 57.5806
8 1.1801
248 62.0108
31 1.1573
97 5.4537
72 4.7115
13 56.6293
205 46.9248
125 34.8943
109 9.5811
82 7.169
5 1.0553
175 36.4955
160 45.298
51 27.7122
123 57.8965
139 21.2358
28 4.5931
1 0.0087
234 51.4898
91 44.1933
251 60.0316
21 5.208
129 62.0308
45 3.9316
165 41.1692
157 19.3901
43 2.9515
87 58.9128
115 13.8854
20 0.5817
136 53.9884
163 24.8961
2 0.0156
84 13.5485
75 11.0652
13 1.9335
26 24.0313
103 14.7123
208 39.5782
10 0.1548
76 9.4754
19 27.2607
157 52.9264
19 2.772
92 11.163
2 12.1526
29 15.2012
116 11.8649
132 29.9507
38 7.746
265 63.5915
95 10.9111
35 1.5982
15 4.5665
7 36.2628
163 31.6459
61 3.3725
12 17.2699
262 47.9591
74 9.7928
149 16.1886
86 30.3099
78 4.4519
95 13.9434
66 5.7926
111 30.0085
147 18.6931
8 0.2503
12 46.5216
118 24.5422
107 6.7339
1 0.4431
51 4.6503
8 0.5867
2 0.2043
41 1.303
36 19.486
26 0.5305
46 50.027
11 1.9996
27 5.1806
21 2.4862
59 19.0322
148 56.1496
165 36.6583
240 61.499
105 35.8293
181 28.1721
67 5.3279
22 0.5248
38 6.7678
144 20.8036
172 25.2891
141 32.1151
118 18.6461
115 43.8496
17 46.5863
122 50.9236
204 54.5351
20 59.034
15 5.704
248 58.0808
170 26.1096
52 4.2641
12 51.4491
250 67.6857
60 26.3636
107 14.8198
125 15.9708
97 10.4208
110 12.1584
229 41.3483
184 75.0401
141 53.9111
44 26.5486
57 14.9775
1 5.5783
260 70.6888
44 16.8507
35 7.2738
112 40.8054
113 9.6303
3 5.2342
15 2.24
68 4.0286
230 54.1765
280 62.0331
258 49.2938
67 5.3729
17 2.3493
8 4.7692
15 3.2242
148 68.7646
48 10.2227
182 37.3652
23 1.4009
183 20.3226
5 0.42
58 27.6273
63 21.657
43 1.844
42 61.6536
25 3.1649
57 3.3942
97 6.4302
3 29.4026
75 9.1757
240 66.2208
49 22.8945
9 0.354
17 0.3615
222 64.7582
26 49.7074
36 4.3742
21 0.3907
76 62.0508
7 0.0285
137 16.8306
75 6.6716
118 39.0784
147 28.8627
80 5.9706
133 48.548
170 42.6949
53 3.4534
243 42.3219
101 17.2365
122 12.5758
97 7.4682
208 31.5805
31 0.6672
142 21.185
160 42.8175
244 34.6024
209 55.3102
211 34.2579
9 0.45
27 4.5373
59 15.4679
11 1.3172
57 30.9966
77 57.0256
129 47.498
114 10.9724
102 7.9095
1 0.2052
8 28.1161
53 1.682
90 10.5073
73 7.3477
24 0.5018
98 8.3959
156 21.7597
93 59.3523
149 54.64
80 7.2237
147 59.4938
120 21.7038
134 25.286
76 11.7977
12 0.4421
38 1.3014
198 38.7952
89 109.994
170 28.4976
108 63.7559
8 0.1142
35 13.2897
58 15.9562
17 4.5688
199 31.5684
62 13.9241
62 16.3121
21 49.0235
64 27.2544
13 1.3945
74 7.0071
45 50.796
110 17.252
111 21.5617
89 7.0458
35 9.875
103 30.0374
29 1.0982
83 12.7661
8 2.9608
62 5.0076
76 4.3636
56 52.1279
138 28.1809
183 66.9439
9 45.6147
63 56.0042
243 46.9623
142 14.2175
15 0.6762
58 3.5945
142 43.3407
68 8.2896
52 6.523
12 0.2958
20 0.4157
214 43.5991
233 57.69
37 19.6717
151 21.6275
39 3.7223
210 49.0936
143 40.8477
31 23.8223
48 41.033
117 20.2275
108 12.34
158 25.3173
26 25.5721
33 30.7697
157 23.6529
117 46.2957
46 34.2563
79 25.0731
92 13.1334
91 20.8162
22 10.9188
121 15.9059
47 2.1835
30 9.2036
159 27.5227
128 38.5729
54 24.7151
248 66.4899
198 41.8905
34 18.4729
277 54.4983
224 53.1439
22 39.4623
212 57.8519
72 31.5453
13 1.246
80 33.4751
69 12.9182
249 46.4502
41 54.9038
182 37.9065
65 44.144
93 13.5918
83 38.0131
179 57.2955
29 2.3428
185 51.9638
148 26.8109
6 0.0375
78 3.9744
67 19.6971
27 5.7377
166 40.7047
11 70.0921
119 24.5613
20 3.2617
201 54.5888
224 46.7273
10 7.5234
113 28.1064
8 1.7731
52 8.0372
215 66.289
52 3.6371
30 4.6906
58 25.5518
96 32.4268
22 2.0763
71 3.7606
34 2.4382
70 4.275
23 0.5384
32 5.5816
29 67.9293
61 4.6801
102 15.7175
0 0.2899
3 0.2686
128 22.1859
140 20.9741
1 0.4235
68 2.9362
55 3.0843
136 55.4784
274 53.9949
1 0.366
199 51.6705
14 0.1483
1 0.0058
165 21.4799
87 8.8886
79 22.2885
72 7.9083
45 2.8822
98 7.1909
30 20.0547
76 41.7556
22 4.8331
120 30.4481
185 24.9998
93 17.5901
17 32.8202
1 69.2133
209 65.6232
19 28.9979
290 60.923
78 12.1971
165 42.1323
44 38.1957
5 0.0555
107 14.5138
167 56.3471
96 25.7915
203 47.3602
57 4.9201
3 0.5373
152 78.6718
43 13.8222
84 40.8725
145 40.7935
171 25.4145
288 111.963
118 55.3911
34 1.4954
195 62.4667
35 16.375
227 43.5537
209 43.986
63 3.7002
92 17.0618
84 37.9919
283 60.6057
112 9.6806
39 1.9608
1 44.1063
58 5.9296
26 68.5179
267 41.9231
82 10.7617
207 47.5496
1 0.0141
57 65.5362
77 19.5512
93 7.8243
41 4.2632
31 1.1381
80 9.2391
113 16.2806
114 11.8922
67 8.5455
75 7.9275
1 0.0361
24 3.1007
27 11.6386
183 28.1511
39 38.9224
220 69.2187
68 73.8425
30 3.8865
61 64.25
55 14.0983
39 4.411
61 30.9789
22 9.0473
168 23.7267
31 5.686
16 34.1107
67 10.806
12 0.0621
228 54.8966
43 1.8464
187 53.2555
14 8.5481
46 50.6885
73 4.0223
137 19.8075
193 28.7115
62 3.3473
1 61.8801
98 22.3509
73 46.4091
155 28.7474
70 11.3266
38 20.2249
94 68.1283
121 14.4304
166 30.994
39 24.6586
117 12.0155
3 0.2507
76 22.431
118 54.143
11 0.3782
112 69.0552
178 34.8046
211 77.1552
186 28.2522
25 1.2078
49 48.7311
14 0.4962
119 16.9965
98 41.8134
28 76.632
66 8.1161
144 19.4981
68 9.3914
20 0.2547
169 46.7475
229 50.9558
132 59.1058
23 27.5532
6 0.063
36 1.3717
7 10.1309
110 6.4895
47 2.7952
151 52.2503
26 17.7501
227 38.5915
93 46.0545
87 50.505
11 1.9284
139 45.1893
12 41.8892
38 1.8632
25 20.7786
70 8.7012
143 19.5914
270 85.978
97 20.6327
99 8.8361
24 26.2223
42 1.2506
200 57.3605
5 0.0424
43 1.8286
79 56.6143
58 42.5243
26 31.1562
11 0.1314
68 14.6186
10 1.1866
9 0.1825
40 20.0533
40 72.2974
41 19.6205
72 53.4633
128 24.2424
105 30.9007
169 23.1127
76 31.8473
31 0.743
248 39.0649
36 1.9186
18 64.4896
8 57.3467
57 14.1231
209 36.3348
42 5.1311
32 1.1042
0 0.4761
5 0.0272
50 21.6101
76 40.2059
32 24.4534
9 4.3264
7 0.0685
165 22.296
201 27.3969
205 40.3131
1 0.0103
117 38.837
142 29.8511
25 2.9161
50 37.3975
198 31.5075
67 3.0889
157 32.9155
49 1.9362
19 1.2222
2 0.0071
19 18.6818
142 56.2257
48 38.751
13 10.9512
228 75.2783
162 61.3486
187 29.3509
9 2.6292
9 24.8096
38 5.3762
223 67.4057
17 0.2247
130 67.4556
7 8.7486
108 40.0571
185 49.7137
80 16.7747
72 7.1497
1 0.0548
187 25.3312
19 10.8824
191 43.078
38 4.5205
287 88.026
152 51.3768
128 31.8355
60 4.2971
39 1.5017
81 9.5112
95 24.279
117 46.9961
56 13.5072
75 38.0849
34 38.1861
226 47.5546
119 62.492
239 44.5607
106 9.3602
265 48.0475
5 0.3256
6 49.5986
29 19.1933
54 29.4539
53 28.2135
186 60.017
2 21.409
19 1.0807
44 13.446
10 26.3386
197 49.414
100 12.1935
55 10.9429
109 14.4019
206 29.8784
30 25.8308
7 11.5062
69 3.7446
121 72.1208
70 10.9158
104 66.0114
17 0.6968
77 6.6492
85 8.0259
8 7.6533
292 75.9912
148 30.3309
258 50.6396
57 2.8453
88 23.2237
67 59.2592
41 5.5904
10 0.0938
169 21.1413
235 69.3138
3 0.0839
106 28.295
33 51.949
5 0.4235
6 10.4924
7 0.2348
63 35.1194
11 2.7018
161 27.1722
96 15.8929
46 3.7063
233 64.0045
124 10.2067
17 31.1725
197 77.1586
77 3.0131
218 32.4045
20 0.9343
85 15.0957
16 1.625
109 15.889
26 11.5397
11 31.089
80 10.1737
61 20.5838
36 3.9363
36 1.6589
1 27.376
98 24.2427
60 20.782
28 31.3251
174 45.9268
72 10.2767
7 8.9129
43 12.4239
25 0.4997
64 22.3575
43 21.3315
71 5.6093
41 21.4128
31 2.5336
5 0.0116
4 0.0222
125 50.0391
14 0.3866
65 21.0479
58 3.5551
179 67.0651
46 12.2562
18 0.5414
232 59.3198
35 1.9288
96 22.6702
99 28.2946
22 5.5653
77 62.9147
207 58.1146
132 32.6177
182 28.8833
266 53.967
212 54.7615
189 20.9455
4 0.9684
91 9.3787
179 24.2426
113 19.0543
131 28.7109
103 7.8608
113 24.5041
53 11.2136
71 56.8252
109 48.7582
265 69.1597
116 59.7347
113 26.1766
101 25.9628
209 32.0203
6 0.0478
61 22.3159
134 21.1976
94 45.7249
8 0.3731
42 10.0792
77 26.4647
31 2.9375
61 3.9316
19 0.6868
241 69.5177
41 3.0794
1 30.9583
12 42.1569
125 24.0054
98 47.7832
13 0.8289
310 74.0985
199 62.7313
99 34.5306
132 43.0152
1 0.0502
41 10.7432
130 13.3193
216 33.0866
167 21.6268
172 35.0093
126 40.0329
207 52.6925
12 4.2848
36 59.6884
57 7.7465
107 19.5017
151 40.1026
65 29.2494
133 17.1837
25 56.9314
9 0.2001
6 46.4519
201 31.5478
92 12.9047
36 20.6141
41 1.9711
246 109.669
3 1.5685
36 5.9726
120 57.913
44 3.9236
38 39.6445
6 9.7791
79 29.0845
38 21.4672
82 17.0955
21 0.8407
18 0.2469
108 69.7889
20 64.2462
24 0.5344
55 17.6188
160 46.9083
27 12.027
121 22.8794
154 24.7422
38 50.6813
266 47.7446
220 77.2072
6 0.264
65 34.0798
211 42.3459
3 23.6736
23 4.8265
2 0.0212
173 33.315
7 0.2863
191 72.9737
224 48.6167
71 67.2604
35 43.4042
74 26.9599
244 79.8345
74 50.5071
67 6.0572
49 1.8611
34 2.2787
120 46.4218
75 31.2461
74 14.8584
11 5.2486
183 77.5884
148 23.9343
39 10.9231
57 19.4486
71 4.7179
199 80.4713
51 73.3156
291 90.1757
154 85.8374
35 13.3905
234 42.1109
50 3.8678
10 14.7963
58 3.2591
180 55.9865
237 72.3477
31 0.9004
37 8.6653
187 34.1455
9 0.3269
129 25.0911
23 3.8147
123 18.3911
92 20.9638
84 16.8706
181 80.8127
23 3.2509
71 10.835
18 0.7774
64 3.6195
11 1.8045
199 46.6708
9 6.0488
72 58.2807
126 25.4567
13 0.4058
163 35.3245
136 45.7411
161 79.7795
77 5.8697
129 15.3571
58 41.722
40 8.3728
23 30.751
83 15.982
69 5.5869
58 27.9421
23 5.5224
7 1.8639
92 13.4788
34 2.1827
18 8.0475
6 0.4511
11 0.3449
68 7.2667
30 40.1622
95 14.7915
3 49.3783
295 82.1077
80 20.6009
147 40.6715
205 42.5185
100 70.0105
20 9.2517
121 69.2419
113 59.4175
22 1.0242
66 2.6133
6 1.628
51 1.8407
148 50.8431
179 74.2738
208 77.156
240 50.6787
32 3.1374
171 28.8277
6 0.0618
12 3.7346
5 0.0404
185 52.4886
158 26.988
112 18.9522
184 61.1374
153 54.644
128 26.8083
25 4.6487
4 0.5821
186 33.7928
104 7.9001
31 35.7361
18 0.6221
22 87.2522
5 2.9362
19 51.6445
86 7.7155
42 58.9896
15 6.355
45 2.4883
73 7.8367
5 6.8672
65 39.2529
66 6.7403
92 17.6445
123 19.802
64 44.2424
21 1.5475
210 46.8109
166 55.2346
168 53.9694
122 37.0655
128 23.2493
13 1.5894
123 26.6128
232 66.8399
5 0.1222
108 41.1453
124 34.9005
60 11.8006
72 22.4825
49 21.4386
23 46.0682
